0,1060.8534240722656,572.0040283203125
1,1060.8534240722656,572.0040283203125
2,1060.5277252197266,572.4996337890625
3,1061.1483001708984,571.9824829101562
4,1061.0093688964844,571.025146484375
5,1061.315689086914,571.1454467773438
6,1061.2107849121094,571.694580078125
7,1061.193618774414,571.2060546875
8,1060.5265045166016,572.1060791015625
9,1060.4434967041016,571.6124267578125
10,1060.8026123046875,571.689697265625
11,1060.7659912109375,571.8751831054688
12,1060.4715728759766,572.231689453125
13,1060.755844116211,571.5077514648438
14,1061.216049194336,572.1822509765625
15,1061.268081665039,571.9603271484375
16,1060.7120513916016,571.787109375
17,1060.270004272461,572.0321044921875
18,1060.16845703125,571.9098510742188
19,1060.7823181152344,571.9115600585938
20,1061.1238098144531,571.5731811523438
21,1061.568832397461,571.0916748046875
22,1061.1592864990234,571.8916015625
23,1061.6606140136719,571.48681640625
24,1061.8852233886719,571.35546875
25,1061.773452758789,571.860107421875
26,1060.7752990722656,572.317138671875
27,1059.5697021484375,572.439697265625
28,1058.9139556884766,572.4285278320312
29,1059.8558044433594,572.441650390625
30,1059.996109008789,572.1690063476562
31,1060.0032043457031,572.3585205078125
32,1060.4569244384766,572.2460327148438
33,1060.7405853271484,572.123046875
34,1060.605697631836,572.17138671875
35,1059.8716735839844,572.6921997070312
36,1060.2022552490234,572.0140380859375
37,1060.8235168457031,572.0478515625
38,1060.3797912597656,572.3482055664062
39,1060.0565338134766,572.2276611328125
40,1059.588851928711,572.3060302734375
41,1060.9196472167969,572.0463256835938
42,1060.487289428711,572.4999389648438
43,1060.1408386230469,572.3709716796875
44,1061.4082336425781,571.972412109375
45,1060.871810913086,572.1720581054688
46,1060.3123474121094,571.58984375
47,1060.795669555664,572.077392578125
48,1061.1181640625,571.5825805664062
49,1061.4544677734375,571.3934326171875
50,1061.3409423828125,571.7578125
51,1061.1360931396484,571.8161010742188
52,1061.4208984375,571.7811889648438
53,1061.0223388671875,572.2871704101562
54,1060.340347290039,572.0062255859375
55,1060.5218505859375,572.4768676757812
56,1060.6954193115234,571.5911254882812
57,1060.8882904052734,572.2255859375
58,1061.6279602050781,572.2186889648438
59,1061.4836120605469,571.8711547851562
60,1061.683120727539,571.8353271484375
61,1061.5035247802734,571.4328002929688
62,1061.8351745605469,571.6668090820312
63,1061.3211822509766,572.0349731445312
64,1060.4991149902344,572.18359375
65,1060.6968688964844,571.7507934570312
66,1061.0484313964844,572.1471557617188
67,1061.8592834472656,571.9852905273438
68,1061.964111328125,571.7976684570312
69,1061.515884399414,572.0503540039062
70,1061.1485290527344,572.474365234375
71,1061.4317321777344,571.99462890625
72,1061.8992614746094,571.8082885742188
73,1061.983413696289,572.1116333007812
74,1061.0013580322266,572.4472045898438
75,1060.4730224609375,572.19921875
76,1060.5584716796875,572.6934204101562
77,1061.2178039550781,572.5250244140625
78,1061.545639038086,572.6114501953125
79,1061.6915130615234,572.2135620117188
80,1061.177749633789,571.9791259765625
81,1061.1344146728516,571.9660034179688
82,1061.2580871582031,572.4469604492188
83,1060.874252319336,572.6317138671875
84,1060.8943939208984,572.3504638671875
85,1060.1576232910156,572.8526000976562
86,1059.5606994628906,572.9059448242188
87,1059.553451538086,573.0042724609375
88,1059.5423889160156,572.9778442382812
89,1059.7007751464844,572.4237670898438
90,1059.918441772461,572.0885620117188
91,1060.0190734863281,572.172607421875
92,1060.2146911621094,572.677490234375
93,1059.9415588378906,572.6956176757812
94,1060.284194946289,572.8407592773438
95,1059.9298095703125,572.4771728515625
96,1059.840087890625,572.2158203125
97,1059.91943359375,572.7710571289062
98,1059.9405670166016,572.7318115234375
99,1060.5577087402344,572.30810546875
100,1059.8722076416016,572.3734741210938
101,1060.39794921875,572.83642578125
102,1060.7325744628906,572.2877197265625
103,1060.7054138183594,572.5405883789062
104,1061.2715148925781,571.8908081054688
105,1060.9041595458984,572.1029052734375
106,1061.202163696289,572.0909423828125
107,1060.8768463134766,572.6362915039062
108,1060.076675415039,572.4282836914062
109,1060.3389739990234,571.923583984375
110,1060.591812133789,571.7022094726562
111,1060.379409790039,571.8843383789062
112,1059.7108459472656,572.1243286132812
113,1060.3349304199219,572.6657104492188
114,1060.518798828125,572.3543090820312
115,1060.501480102539,572.384521484375
116,1060.8126068115234,572.505126953125
117,1060.8238220214844,572.4635009765625
118,1061.0506439208984,571.8357543945312
119,1060.9002685546875,572.2386474609375
120,1060.056381225586,572.2701416015625
121,1060.6752014160156,572.2089233398438
122,1060.6585693359375,572.11376953125
123,1060.3959655761719,572.486572265625
124,1060.8305358886719,572.1873168945312
125,1059.7200012207031,572.0718994140625
126,1059.889144897461,572.7837524414062
127,1059.959945678711,572.807373046875
128,1060.0396728515625,573.1859741210938
129,1059.8216247558594,572.9527587890625
130,1059.7786712646484,572.7498779296875
131,1060.032730102539,572.537353515625
132,1060.1922607421875,572.63525390625
133,1059.7557067871094,572.9556884765625
134,1059.9666595458984,572.3956298828125
135,1059.9028015136719,572.4285888671875
136,1060.4515075683594,572.833984375
137,1059.8445129394531,573.181640625
138,1059.7135162353516,573.337158203125
139,1060.4518127441406,573.3721923828125
140,1060.011978149414,573.655517578125
141,1060.4947662353516,573.15869140625
142,1060.6202697753906,572.3377075195312
143,1060.2813720703125,572.8330078125
144,1059.578628540039,573.0096435546875
145,1059.8553466796875,573.2791748046875
146,1060.4537200927734,572.5744018554688
147,1060.1904296875,572.3422241210938
148,1060.474853515625,573.4995727539062
149,1060.367660522461,573.3712768554688
150,1059.9635314941406,572.8981323242188
151,1060.2809143066406,572.945556640625
152,1060.2352142333984,573.1475830078125
153,1060.4765319824219,572.8704833984375
154,1060.113525390625,573.0404052734375
155,1060.167007446289,572.3143310546875
156,1060.1190185546875,572.7413940429688
157,1059.9607849121094,572.6626586914062
158,1059.9815368652344,572.9986572265625
159,1060.0709533691406,572.4631958007812
160,1060.1225280761719,572.3745727539062
161,1060.6498718261719,572.1726684570312
162,1060.9928894042969,572.0450439453125
163,1060.5546569824219,572.2383422851562
164,1061.1445617675781,572.2517700195312
165,1060.1480865478516,571.8952026367188
166,1060.7130432128906,571.6013793945312
167,1060.777359008789,572.41943359375
168,1061.0379791259766,572.9644775390625
169,1061.36962890625,572.5660400390625
170,1060.7252502441406,572.9954833984375
171,1060.2796936035156,573.0582275390625
172,1060.1597595214844,572.7133178710938
173,1060.3746032714844,572.8966064453125
174,1060.4591369628906,573.2300415039062
175,1060.6231689453125,572.828125
176,1060.566635131836,572.7094116210938
177,1060.7130432128906,572.4952392578125
178,1060.1548767089844,572.705078125
179,1060.4593658447266,573.133056640625
180,1060.4254150390625,572.9947509765625
181,1060.4791259765625,572.838134765625
182,1059.998779296875,573.59912109375
183,1059.6482849121094,573.5025024414062
184,1059.42138671875,573.0423583984375
185,1060.5143737792969,573.0562133789062
186,1060.829849243164,572.7651977539062
187,1060.549545288086,572.89453125
188,1060.4942321777344,572.6646118164062
189,1060.7112884521484,572.4149169921875
190,1060.4078674316406,572.827880859375
191,1059.861831665039,572.9393310546875
192,1060.4244232177734,572.8563842773438
193,1061.120834350586,572.4642333984375
194,1060.3230285644531,572.0341186523438
195,1060.2677154541016,572.499755859375
196,1060.522689819336,572.76611328125
197,1060.411376953125,572.6873779296875
198,1060.638656616211,572.6622314453125
199,1060.6205749511719,572.938720703125
200,1060.625,573.112060546875
201,1061.5440368652344,573.1077270507812
202,1060.779800415039,573.3011474609375
203,1060.6794738769531,572.8500366210938
204,1060.8879089355469,572.3593139648438
205,1060.2323150634766,572.277587890625
206,1061.1759185791016,572.4931030273438
207,1060.9822082519531,572.4887084960938
208,1060.628890991211,572.3425903320312
209,1059.4779205322266,572.5722045898438
210,1059.6478271484375,572.7328491210938
211,1060.3157806396484,572.7312622070312
212,1060.7673645019531,572.4627685546875
213,1061.281967163086,571.6281127929688
214,1061.3787841796875,572.0833740234375
215,1061.5840148925781,572.1755981445312
216,1061.0453033447266,571.9957885742188
217,1060.571517944336,572.5155029296875
218,1061.219253540039,572.5577392578125
219,1061.4875793457031,572.7114868164062
220,1060.6669616699219,572.4449462890625
221,1060.6239318847656,572.5658569335938
222,1060.9822082519531,572.1429443359375
223,1060.72021484375,572.1705932617188
224,1060.2909088134766,572.0706787109375
225,1061.02294921875,572.279541015625
226,1061.3368225097656,572.6923828125
227,1061.2373352050781,572.5957641601562
228,1061.1927795410156,573.1707153320312
229,1060.8499908447266,572.75341796875
230,1060.825424194336,572.3884887695312
231,1059.919204711914,573.0864868164062
232,1060.542221069336,573.1914672851562
233,1060.4304504394531,572.8386840820312
234,1060.3170013427734,572.7169799804688
235,1060.4075622558594,572.5426635742188
236,1061.0475158691406,572.6356201171875
237,1061.401138305664,572.5791015625
238,1060.89111328125,572.037841796875
239,1060.996322631836,572.2152709960938
240,1060.6280517578125,572.6221313476562
241,1060.5137634277344,572.703857421875
242,1060.6471252441406,572.5711669921875
243,1060.0638580322266,572.8560791015625
244,1059.9578857421875,572.5453491210938
245,1060.3169250488281,572.9319458007812
246,1061.039047241211,572.00732421875
247,1061.5472412109375,571.6422729492188
248,1061.9222259521484,572.1423950195312
249,1061.0902404785156,572.452392578125
250,1061.0467529296875,572.911865234375
251,1061.1470794677734,572.9476318359375
252,1060.4136657714844,572.9013061523438
253,1060.4475402832031,572.6091918945312
254,1060.2485656738281,572.6175537109375
255,1060.2716064453125,573.1517333984375
256,1060.6427001953125,573.2572021484375
257,1060.438232421875,572.939453125
258,1060.0102233886719,573.2113647460938
259,1060.4066467285156,573.4520263671875
260,1060.4481506347656,572.95654296875
261,1060.1873779296875,573.6439208984375
262,1059.9559020996094,573.6826782226562
263,1059.9295806884766,573.3676147460938
264,1060.1673889160156,573.3651123046875
265,1059.9024963378906,573.2634887695312
266,1060.0479888916016,572.7957763671875
267,1060.5909729003906,573.5785522460938
268,1059.9440002441406,572.9928588867188
269,1060.4791259765625,573.138916015625
270,1060.7881164550781,572.8561401367188
271,1060.3939056396484,573.0233764648438
272,1061.1641693115234,573.2344970703125
273,1061.781234741211,572.7599487304688
274,1060.7258605957031,573.0640258789062
275,1060.409927368164,572.866943359375
276,1060.377197265625,572.9059448242188
277,1060.242691040039,573.16162109375
278,1060.703125,573.2103271484375
279,1060.4019927978516,573.4951782226562
280,1060.926513671875,573.034912109375
281,1060.855484008789,572.6602783203125
282,1061.2992095947266,572.2788696289062
283,1061.076431274414,572.6156616210938
284,1060.5812072753906,572.6746215820312
285,1060.218734741211,573.7247314453125
286,1060.806884765625,573.1668701171875
287,1060.5360412597656,573.102294921875
288,1061.1250305175781,573.039794921875
289,1061.0823059082031,573.1986083984375
290,1061.4713287353516,572.3859252929688
291,1061.5164947509766,572.5887451171875
292,1061.4601135253906,572.1524047851562
293,1061.0884857177734,572.7308349609375
294,1061.0630798339844,572.8397827148438
295,1060.8091735839844,573.0380859375
296,1060.7574462890625,573.1528930664062
297,1060.587387084961,573.114990234375
298,1060.4886627197266,572.8648681640625
299,1060.8491516113281,573.284912109375
300,1061.5275573730469,572.542236328125
301,1061.7913818359375,572.5599365234375
302,1061.7476654052734,572.5911254882812
303,1061.7741394042969,572.5478515625
304,1061.7604064941406,572.258056640625
305,1061.1381530761719,573.1702270507812
306,1060.7476806640625,572.8073120117188
307,1060.4512786865234,572.819091796875
308,1060.7218170166016,572.6107788085938
309,1061.2712097167969,572.9296875
310,1060.680160522461,572.9903564453125
311,1060.4524993896484,573.0436401367188
312,1060.3759765625,572.8463745117188
313,1060.095443725586,572.9230346679688
314,1060.6583404541016,573.6875610351562
315,1060.8270263671875,573.4086303710938
316,1060.1768493652344,572.7137451171875
317,1060.5142974853516,573.6513061523438
318,1061.1381530761719,573.0702514648438
319,1060.8384704589844,573.0694580078125
320,1061.3260650634766,572.791748046875
321,1061.1158752441406,572.9432373046875
322,1060.9648132324219,572.6860961914062
323,1060.4632568359375,572.3486938476562
324,1060.159912109375,572.7490234375
325,1060.33935546875,573.5774536132812
326,1060.93994140625,573.1943359375
327,1061.0575103759766,573.1448974609375
328,1060.870590209961,572.7115478515625
329,1061.211929321289,572.9510498046875
330,1060.537338256836,572.586181640625
331,1060.631103515625,573.1089477539062
332,1060.4713439941406,573.5059814453125
333,1059.8421478271484,572.9949340820312
334,1060.2674865722656,572.6080322265625
335,1061.2764739990234,572.1585083007812
336,1060.8670806884766,572.19921875
337,1060.9855651855469,572.5631103515625
338,1061.3636779785156,572.8837890625
339,1061.5694427490234,573.5087280273438
340,1061.2567138671875,573.1953735351562
341,1061.378402709961,573.1607055664062
342,1060.2652740478516,573.1806030273438
343,1060.2577209472656,573.20947265625
344,1060.2191162109375,573.4933471679688
345,1060.2764892578125,573.0752563476562
346,1059.9964904785156,573.0928344726562
347,1060.781478881836,573.2254028320312
348,1060.6917572021484,573.0877075195312
349,1060.368881225586,573.05322265625
350,1061.0115051269531,573.15234375
351,1061.8060302734375,572.5057373046875
352,1062.0533752441406,571.892333984375
353,1061.1186218261719,572.6975708007812
354,1061.3337707519531,573.2445068359375
355,1061.7781066894531,572.9466552734375
356,1061.5953063964844,572.7548217773438
357,1060.8392333984375,572.565185546875
358,1060.6297302246094,572.268798828125
359,1061.0237884521484,572.8535766601562
360,1062.0381164550781,572.88623046875
361,1061.3863372802734,572.6483764648438
362,1060.9696197509766,572.8760986328125
363,1061.0980224609375,573.2234497070312
364,1061.2309265136719,572.808349609375
365,1061.0746765136719,572.4093627929688
366,1060.6463623046875,572.747802734375
367,1060.9603118896484,572.8446044921875
368,1061.3938903808594,572.5427856445312
369,1060.9957122802734,572.461669921875
370,1061.1102294921875,573.040283203125
371,1061.297836303711,573.1109619140625
372,1061.7044830322266,572.6156005859375
373,1061.5555572509766,572.96923828125
374,1061.064453125,573.0653076171875
375,1060.550537109375,573.0918579101562
376,1060.8100891113281,573.342041015625
377,1060.962142944336,573.0852661132812
378,1060.922622680664,573.5127563476562
379,1061.031265258789,573.551513671875
380,1060.5506896972656,573.6757202148438
381,1059.9330139160156,574.0455932617188
382,1060.158462524414,573.5911865234375
383,1060.3165435791016,573.2109985351562
384,1060.7688903808594,572.929443359375
385,1060.9498596191406,572.6152954101562
386,1061.165542602539,572.5011596679688
387,1061.3565826416016,572.8796997070312
388,1060.7833099365234,573.2700805664062
389,1060.9964752197266,572.7568359375
390,1060.528564453125,573.0086669921875
391,1060.0209045410156,573.9147338867188
392,1060.2005767822266,573.6173095703125
393,1060.6695556640625,573.2850952148438
394,1060.5252838134766,572.7623291015625
395,1061.1012268066406,572.9620361328125
396,1060.6224060058594,573.3013305664062
397,1061.0400390625,573.0202026367188
398,1060.7328796386719,572.406982421875
399,1060.712661743164,573.2908935546875
400,1060.2262878417969,573.2005004882812
401,1060.2262878417969,573.2005004882812
