0,380.97618103027344,679.0107421875
1,380.9268569946289,678.3523559570312
2,380.9085464477539,678.2210083007812
3,380.9249496459961,678.3543701171875
4,381.0570526123047,678.34326171875
5,381.1311721801758,678.4290771484375
6,380.9638977050781,678.364501953125
7,380.8653259277344,678.3720703125
8,381.08314514160156,678.3655395507812
9,381.10912322998047,678.623046875
10,381.0221862792969,678.4120483398438
11,381.18896484375,678.4593505859375
12,381.05297088623047,678.329345703125
13,380.94810485839844,678.3089599609375
14,380.96954345703125,678.3819580078125
15,380.9348678588867,678.3495483398438
16,380.99525451660156,678.4597778320312
17,381.1111068725586,678.4695434570312
18,381.021728515625,678.3193969726562
19,380.98018646240234,678.4290771484375
20,380.98487854003906,678.400634765625
21,380.98987579345703,678.3945922851562
22,381.0616683959961,678.3705444335938
23,381.00563049316406,678.3259887695312
24,380.9342575073242,678.3232421875
25,381.0095977783203,678.4439086914062
26,380.91869354248047,678.423095703125
27,380.96824645996094,678.5621337890625
28,381.0285949707031,678.434814453125
29,381.0628890991211,678.45751953125
30,381.0331726074219,678.3968505859375
31,380.9571075439453,678.433837890625
32,381.0315704345703,678.5982666015625
33,381.0228729248047,678.427734375
34,380.9853744506836,678.2986450195312
35,380.94757080078125,678.3150634765625
36,381.06334686279297,678.312255859375
37,380.9422302246094,678.4008178710938
38,381.02771759033203,678.4072265625
39,381.02210998535156,678.3152465820312
40,381.0306930541992,678.3056030273438
41,381.09153747558594,678.3583374023438
42,380.95829010009766,678.3345336914062
43,380.9543228149414,678.2809448242188
44,380.88768005371094,678.3252563476562
45,381.13014221191406,678.4097290039062
46,380.9464645385742,678.3241577148438
47,381.01219177246094,678.430908203125
48,381.0049057006836,678.3892211914062
49,380.9716033935547,678.2442016601562
50,380.946044921875,678.2987060546875
51,381.07418060302734,678.4785766601562
52,381.1069869995117,678.4635009765625
53,381.02893829345703,678.5624389648438
54,381.02977752685547,678.4260864257812
55,381.0826873779297,678.345947265625
56,381.1029815673828,678.410400390625
57,381.0291290283203,678.3973999023438
58,381.10572814941406,678.3630981445312
59,381.11759185791016,678.33447265625
60,381.17820739746094,678.3250122070312
61,381.17679595947266,678.3538208007812
62,381.102294921875,678.4393310546875
63,381.10401153564453,678.3894653320312
64,381.1549758911133,678.4061889648438
65,380.9791564941406,678.378662109375
66,381.00460052490234,678.3380126953125
67,381.02561950683594,678.5762939453125
68,381.0768508911133,678.427001953125
69,381.1802673339844,678.4251098632812
70,381.05201721191406,678.2864990234375
71,381.02333068847656,678.3825073242188
72,381.02760314941406,678.4605712890625
73,381.0542297363281,678.390625
74,381.12010955810547,678.42578125
75,381.0133743286133,678.3053588867188
76,381.0942077636719,678.4537963867188
77,381.11610412597656,678.4535522460938
78,381.0797882080078,678.471923828125
79,381.102294921875,678.4121704101562
80,381.1493682861328,678.3447875976562
81,381.13460540771484,678.4454345703125
82,381.0389709472656,678.40234375
83,381.11541748046875,678.42041015625
84,381.1347198486328,678.4835815429688
85,380.8820343017578,678.3552856445312
86,381.04339599609375,678.4573974609375
87,381.10950469970703,678.3051147460938
88,380.91590881347656,678.415283203125
89,381.05804443359375,678.4698486328125
90,381.0531997680664,678.4140625
91,380.9771728515625,678.374267578125
92,381.04530334472656,678.4759521484375
93,381.1334991455078,678.4334106445312
94,380.9623336791992,678.326904296875
95,380.98949432373047,678.3141479492188
96,381.04991912841797,678.350830078125
97,381.08631134033203,678.3764038085938
98,381.0144805908203,678.43994140625
99,381.1039352416992,678.3114013671875
100,381.16355895996094,678.4288940429688
101,381.0369873046875,678.5634765625
102,381.07433319091797,678.384765625
103,381.0518264770508,678.4073486328125
104,380.99536895751953,678.4405517578125
105,381.00372314453125,678.382080078125
106,381.0077667236328,678.3328857421875
107,381.03965759277344,678.2589111328125
108,381.06075286865234,678.5505981445312
109,381.0884094238281,678.5740356445312
110,381.2698745727539,678.4152221679688
111,381.11534118652344,678.5252075195312
112,380.96141815185547,678.4539184570312
113,381.0683822631836,678.471435546875
114,381.0791778564453,678.4190673828125
115,380.9978485107422,678.4093017578125
116,381.04164123535156,678.380126953125
117,381.03370666503906,678.42431640625
118,381.04644775390625,678.4622192382812
119,381.07181549072266,678.3880615234375
120,381.0798645019531,678.4102172851562
121,381.0576629638672,678.4453735351562
122,380.9722137451172,678.4449462890625
123,381.0846710205078,678.6336059570312
124,381.16939544677734,678.534912109375
125,381.0038757324219,678.3690185546875
126,381.0057830810547,678.3239135742188
127,381.10740661621094,678.5707397460938
128,381.16466522216797,678.5907592773438
129,380.9895706176758,678.34326171875
130,381.0289001464844,678.4314575195312
131,381.03878021240234,678.4493408203125
132,381.02710723876953,678.4027099609375
133,380.97301483154297,678.3600463867188
134,381.0127639770508,678.464111328125
135,381.06800079345703,678.6070556640625
136,380.9067153930664,678.3008422851562
137,381.0429000854492,678.5355224609375
138,381.09127044677734,678.483154296875
139,381.0035705566406,678.424072265625
140,381.0539245605469,678.3160400390625
141,381.0044860839844,678.3720092773438
142,381.0723114013672,678.4765014648438
143,381.0558319091797,678.3901977539062
144,380.99388122558594,678.3612670898438
145,381.04549407958984,678.384033203125
146,381.00563049316406,678.4190673828125
147,381.01104736328125,678.4251098632812
148,381.0884094238281,678.4030151367188
149,381.1592102050781,678.3430786132812
150,381.05247497558594,678.3102416992188
151,381.1220169067383,678.4190673828125
152,380.9844970703125,678.3403930664062
153,381.08306884765625,678.4136962890625
154,381.10416412353516,678.3890380859375
155,381.11377716064453,678.2635498046875
156,381.1028289794922,678.3098754882812
157,381.1673355102539,678.3203735351562
158,381.09413146972656,678.349853515625
159,381.05369567871094,678.203369140625
160,380.9809112548828,678.2364501953125
161,380.98209381103516,678.1565551757812
162,381.1646270751953,678.261962890625
163,381.2165832519531,678.4111328125
164,381.1467742919922,678.24853515625
165,381.0953903198242,678.2679443359375
166,381.1925506591797,678.4423828125
167,381.0832977294922,678.3668823242188
168,381.18358612060547,678.2892456054688
169,381.0582733154297,678.2966918945312
170,380.9560012817383,678.2964477539062
171,381.11392974853516,678.3992309570312
172,381.1763000488281,678.6240844726562
173,381.02733612060547,678.4329223632812
174,381.0189437866211,678.3562622070312
175,381.12449645996094,678.3881225585938
176,381.1029815673828,678.456298828125
177,381.16615295410156,678.308349609375
178,380.76805114746094,678.2089233398438
179,378.59458923339844,676.2745971679688
180,380.0178909301758,677.7817993164062
181,379.67041015625,677.34814453125
182,380.5808639526367,678.0941162109375
183,380.79673767089844,678.1876831054688
184,380.8699035644531,678.1007080078125
185,380.6627655029297,678.0244750976562
186,380.6199645996094,677.9541625976562
187,380.72059631347656,678.1370849609375
188,380.91957092285156,678.261962890625
189,380.9762954711914,678.1951904296875
190,380.99727630615234,678.1758422851562
191,380.91224670410156,678.3162231445312
192,381.0354995727539,678.3375244140625
193,381.00486755371094,678.3272705078125
194,380.9691619873047,678.33837890625
195,380.9339141845703,678.3460083007812
196,380.94078063964844,678.1867065429688
197,380.9436798095703,678.2132568359375
198,381.0566711425781,678.19091796875
199,381.0352325439453,678.2509155273438
200,380.9840774536133,678.2315063476562
201,381.0003662109375,678.191650390625
202,380.9124755859375,678.1298217773438
203,381.0407257080078,678.2294311523438
204,380.9524154663086,678.275390625
205,380.9912109375,678.206298828125
206,380.99647521972656,678.17333984375
207,380.96778869628906,678.178466796875
208,381.05289459228516,678.2518310546875
209,380.90171813964844,678.225830078125
210,380.8788299560547,678.2190551757812
211,381.00555419921875,678.192138671875
212,380.99681854248047,678.2190551757812
213,381.01173400878906,678.2337036132812
214,380.99742889404297,678.1409912109375
215,380.9917449951172,678.1217651367188
216,381.03660583496094,678.1909790039062
217,380.98602294921875,678.2885131835938
218,380.93963623046875,678.2713012695312
219,380.94566345214844,678.3251953125
220,380.94104766845703,678.1675415039062
221,381.02664947509766,678.1732177734375
222,380.9703826904297,678.165771484375
223,381.01871490478516,678.1228637695312
224,381.02832794189453,678.1324462890625
225,380.93345642089844,678.2517700195312
226,380.9992218017578,678.2364501953125
227,381.0097122192383,678.1362915039062
228,380.9756851196289,678.2366943359375
229,381.1095428466797,678.1412353515625
230,381.1466979980469,678.2037353515625
231,381.04183197021484,678.055419921875
232,380.97713470458984,678.07421875
233,380.9807586669922,678.1640625
234,380.9001922607422,678.2049560546875
235,380.99857330322266,678.146240234375
236,381.0634994506836,678.1122436523438
237,381.06266021728516,678.2236938476562
238,381.1412048339844,678.1978149414062
239,381.0840606689453,678.2177734375
240,381.0834503173828,678.2267456054688
241,381.06632232666016,678.1650390625
242,381.0205078125,678.1283569335938
243,381.0562515258789,678.2750854492188
244,380.83290100097656,678.1913452148438
245,380.9458541870117,678.0838012695312
246,381.0013198852539,678.2039184570312
247,381.00231170654297,678.111328125
248,381.0126495361328,678.1787719726562
249,380.9333038330078,678.1124877929688
250,380.97545623779297,678.1195678710938
251,380.99586486816406,678.0865478515625
252,380.98567962646484,678.0556640625
253,381.00963592529297,678.1396484375
254,380.9652328491211,678.1604614257812
255,380.91773986816406,678.182373046875
256,380.98350524902344,678.1530151367188
257,380.9941864013672,678.1828002929688
258,381.14341735839844,678.0712280273438
259,381.05308532714844,678.2267456054688
260,381.0826873779297,678.166015625
261,380.9781265258789,678.2317504882812
262,381.0608673095703,678.1616821289062
263,381.1023712158203,678.1214599609375
264,381.1172866821289,678.1752319335938
265,381.04835510253906,678.2398681640625
266,381.0234832763672,678.107177734375
267,381.1138153076172,678.1602783203125
268,381.1064147949219,678.2079467773438
269,381.0861587524414,678.1804809570312
270,381.1049270629883,678.0643920898438
271,381.01463317871094,678.2216796875
272,381.1045455932617,678.2576293945312
273,381.0997009277344,678.287109375
274,381.0549545288086,678.2281494140625
275,381.07330322265625,678.0480346679688
276,381.1255645751953,678.1284790039062
277,381.16554260253906,678.150390625
278,381.1235809326172,678.1525268554688
279,380.9540557861328,678.1380004882812
280,381.0456085205078,678.1705322265625
281,381.09214782714844,678.1029663085938
282,381.13819122314453,678.0867309570312
283,381.1977005004883,678.2258911132812
284,381.1779022216797,678.3614501953125
285,381.10321044921875,678.225341796875
286,381.1960220336914,678.1312866210938
287,381.1983871459961,678.1934204101562
288,381.1449432373047,678.279541015625
289,380.9458541870117,678.210693359375
290,381.1852264404297,678.1831665039062
291,381.1389923095703,678.3145751953125
292,381.10240936279297,678.20849609375
293,381.1653518676758,678.1995239257812
294,381.1749267578125,678.1100463867188
295,381.20365142822266,678.3359375
296,381.21097564697266,678.3294677734375
297,381.1738967895508,678.388427734375
298,381.2364959716797,678.3111572265625
299,381.2495803833008,678.3051147460938
300,381.32999420166016,678.210205078125
301,381.3109588623047,678.318603515625
302,381.25221252441406,678.39501953125
303,381.2423324584961,678.439208984375
304,381.0585021972656,678.3779296875
305,381.2029266357422,678.3999633789062
306,381.25682830810547,678.3262939453125
307,381.19224548339844,678.3505249023438
308,381.15989685058594,678.3546142578125
309,381.12815856933594,678.3587646484375
310,381.2773895263672,678.324951171875
311,381.23817443847656,678.4078369140625
312,381.18324279785156,678.315673828125
313,381.14219665527344,678.26220703125
314,381.1011505126953,678.208740234375
315,381.1007308959961,678.2293701171875
316,381.08970642089844,678.231201171875
317,381.0889434814453,678.271728515625
318,381.08543395996094,678.302001953125
319,381.1295700073242,678.3408813476562
320,381.1611557006836,678.3775024414062
321,381.19911193847656,678.3786010742188
322,381.1642837524414,678.3013916015625
323,381.1481475830078,678.2472534179688
324,381.13697052001953,678.2249145507812
325,381.12483978271484,678.235107421875
326,381.11305236816406,678.2352294921875
327,381.1415100097656,678.2604370117188
328,381.148681640625,678.34912109375
329,381.27220153808594,678.3194580078125
330,381.2702178955078,678.4047241210938
331,381.1930465698242,678.3367309570312
332,381.14234924316406,678.302978515625
333,381.13426208496094,678.2997436523438
334,381.1149215698242,678.2884521484375
335,381.09561920166016,678.2771606445312
336,381.21543884277344,678.2088623046875
337,381.1551284790039,678.3660888671875
338,381.17881774902344,678.337890625
339,381.1667251586914,678.3203735351562
340,381.11305236816406,678.3631591796875
341,381.1951446533203,678.1680297851562
342,381.08253479003906,678.2606201171875
343,381.09230041503906,678.2545776367188
344,381.22535705566406,678.1417236328125
345,381.23165130615234,678.22314453125
346,381.26136779785156,678.261474609375
347,381.16371154785156,678.2817993164062
348,381.18274688720703,678.1771850585938
349,381.0763168334961,678.2138671875
350,381.22230529785156,678.1767578125
351,381.30897521972656,678.1516723632812
352,381.1991500854492,678.1597290039062
353,381.14112854003906,678.1590576171875
354,381.1520767211914,678.1953125
355,381.1448287963867,678.2218627929688
356,381.0688018798828,678.1907348632812
357,381.1442184448242,678.1567993164062
358,381.1116409301758,678.2074584960938
359,381.16207122802734,678.1625366210938
360,381.19571685791016,678.1372680664062
361,381.18114471435547,678.160888671875
362,381.0969543457031,678.246826171875
363,381.12083435058594,678.2628784179688
364,381.09447479248047,678.1683349609375
365,381.075439453125,678.106689453125
366,381.1102294921875,678.158203125
367,381.1208724975586,678.2015380859375
368,381.1106872558594,678.1952514648438
369,381.0910415649414,678.212646484375
370,381.0755157470703,678.2268676757812
371,381.1516571044922,678.234619140625
372,381.07303619384766,678.142578125
373,381.1921691894531,678.14208984375
374,381.1922073364258,678.1029052734375
375,381.18019104003906,678.1458740234375
376,381.04217529296875,678.1212158203125
377,381.1836242675781,678.2290649414062
378,381.1897659301758,678.171875
379,381.1864471435547,678.1154174804688
380,381.12449645996094,678.1806030273438
381,381.07994079589844,678.2161254882812
382,381.20033264160156,678.2031860351562
383,381.2207794189453,678.19873046875
384,381.05220794677734,678.1878662109375
385,381.05445861816406,678.161865234375
386,381.1841583251953,678.176513671875
387,381.18247985839844,678.2959594726562
388,381.1654281616211,678.1358642578125
389,381.17321014404297,678.0877685546875
390,381.17706298828125,678.2460327148438
391,381.0749053955078,678.1658325195312
392,381.0331726074219,678.1747436523438
393,381.2001037597656,678.2559204101562
394,381.065673828125,678.1220703125
395,381.1362075805664,678.2095947265625
396,381.0956573486328,678.2268676757812
397,381.10958099365234,678.26123046875
398,381.11480712890625,678.2929077148438
399,381.21910095214844,678.2582397460938
400,381.2297058105469,678.3301391601562
401,381.2297058105469,678.3301391601562
0,885.4998016357422,427.49993896484375
1,885.4998016357422,427.49993896484375
2,885.0093841552734,426.96142578125
3,885.2108001708984,426.8337097167969
4,884.4097137451172,427.6639709472656
5,884.4181823730469,427.4521484375
6,883.8304138183594,426.79498291015625
7,884.6121215820312,426.53546142578125
8,884.6505737304688,426.3528137207031
9,883.8574981689453,425.55108642578125
10,883.917236328125,425.9059753417969
11,883.8854217529297,426.7080383300781
12,883.2146453857422,427.00079345703125
13,883.7720489501953,426.82879638671875
14,883.6003875732422,427.39208984375
15,883.5516357421875,426.9458312988281
16,883.4486389160156,427.1695861816406
17,882.7949523925781,426.9801330566406
18,883.7141418457031,426.1162414550781
19,883.8327789306641,425.52386474609375
20,883.0567932128906,425.3818664550781
21,882.6457214355469,427.67425537109375
22,883.0091094970703,428.0387878417969
23,882.7904510498047,427.666015625
24,883.2794189453125,427.6776428222656
25,883.0722808837891,427.3782043457031
26,883.3486938476562,427.0772705078125
27,884.3807220458984,427.0830078125
28,884.7166442871094,426.27655029296875
29,884.8079681396484,426.4818115234375
30,884.8588562011719,426.0350646972656
31,885.2394104003906,426.2527770996094
32,884.4551086425781,427.3381652832031
33,884.5539855957031,427.30340576171875
34,883.2530212402344,427.44085693359375
35,883.1106567382812,426.85601806640625
36,882.0030212402344,427.2934875488281
37,882.4539947509766,427.0680847167969
38,882.9069519042969,427.42303466796875
39,884.1158294677734,426.7192077636719
40,883.4774780273438,426.216064453125
41,882.8655242919922,427.3310241699219
42,882.5776672363281,426.9581604003906
43,883.0191040039062,427.5361022949219
44,882.8491973876953,428.65869140625
45,882.2813415527344,428.5730285644531
46,881.956787109375,428.2167663574219
47,881.4652252197266,429.0349426269531
48,880.7048797607422,429.8177490234375
49,880.7701110839844,429.38250732421875
50,880.1422882080078,428.4148254394531
51,881.2818908691406,428.101318359375
52,881.0032653808594,429.28057861328125
53,881.0567474365234,429.149169921875
54,882.4925994873047,428.375732421875
55,882.4787139892578,428.4632263183594
56,883.6769104003906,429.1551513671875
57,883.1561279296875,429.28961181640625
58,882.6295471191406,429.7235412597656
59,882.9627990722656,430.3634338378906
60,883.3988952636719,430.35321044921875
61,883.0425262451172,431.1741638183594
62,882.7912902832031,431.7135925292969
63,883.2115173339844,430.9772644042969
64,882.7296447753906,430.0276794433594
65,882.3994445800781,430.1471862792969
66,881.6767883300781,430.2228698730469
67,881.7360687255859,431.473388671875
68,880.7454681396484,431.8548889160156
69,880.5403900146484,431.3612365722656
70,881.6801452636719,431.7532043457031
71,882.080078125,432.1430358886719
72,882.7090454101562,432.6832275390625
73,883.3597564697266,432.9637451171875
74,883.2694244384766,432.7326354980469
75,883.9102172851562,432.5577697753906
76,883.2836151123047,432.41119384765625
77,883.9778900146484,432.77197265625
78,882.9713439941406,432.1819763183594
79,881.6152191162109,432.2253112792969
80,881.4992523193359,431.9928283691406
81,881.1429595947266,432.5184631347656
82,881.5284729003906,433.73223876953125
83,881.4378356933594,433.1936950683594
84,880.3285980224609,433.4332275390625
85,880.0590515136719,432.96533203125
86,880.4190826416016,432.9567565917969
87,880.6044006347656,433.72027587890625
88,880.7686614990234,433.1168212890625
89,880.7344055175781,432.4093933105469
90,880.3543853759766,431.8127136230469
91,881.2281036376953,433.009765625
92,881.6658782958984,432.7481384277344
93,882.9566192626953,433.0047607421875
94,882.8317260742188,431.3572082519531
95,883.2143402099609,430.9577331542969
96,883.6906433105469,431.4418640136719
97,882.3475646972656,432.22125244140625
98,882.0741271972656,431.4743347167969
99,882.0981597900391,431.21368408203125
100,880.7620239257812,431.3603210449219
101,879.4985198974609,430.6019287109375
102,880.0332641601562,430.3208312988281
103,880.3787994384766,429.77392578125
104,879.9407196044922,428.85003662109375
105,880.7596588134766,429.0242919921875
106,880.6178283691406,428.70318603515625
107,880.6330108642578,429.1534118652344
108,881.0051727294922,429.3245544433594
109,880.1358032226562,429.813232421875
110,880.7466888427734,429.95672607421875
111,881.5275573730469,428.8893737792969
112,882.8173065185547,428.03436279296875
113,882.7876281738281,427.9859313964844
114,882.8438568115234,427.64642333984375
115,882.3413848876953,427.5772399902344
116,881.9462585449219,427.0848388671875
117,882.1147155761719,427.7981262207031
118,882.0101165771484,426.492431640625
119,881.1626434326172,426.0907897949219
120,881.3435363769531,426.4363708496094
121,881.0896301269531,426.8582458496094
122,882.5958251953125,426.5845031738281
123,882.4362945556641,425.72662353515625
124,882.7032470703125,425.7834167480469
125,883.4042358398438,425.8839111328125
126,885.9526062011719,426.2822570800781
127,884.5600891113281,427.2688903808594
128,884.5369720458984,427.2964172363281
129,885.2232360839844,426.9057312011719
130,885.0426483154297,425.8828430175781
131,885.2061462402344,425.4979248046875
132,884.9406433105469,425.2129821777344
133,884.9665832519531,426.16693115234375
134,883.6577606201172,425.6994323730469
135,883.8820648193359,425.2497863769531
136,885.3636169433594,424.5742492675781
137,885.5933380126953,423.6979064941406
138,884.7549438476562,424.9481506347656
139,883.5187530517578,425.9241027832031
140,883.8198089599609,426.5134582519531
141,884.4569396972656,426.36517333984375
142,884.3717193603516,426.8895568847656
143,883.8601684570312,427.51806640625
144,884.2578887939453,428.0262756347656
145,883.9251708984375,427.68719482421875
146,883.5315704345703,427.21160888671875
147,883.7483978271484,427.18426513671875
148,883.1954193115234,428.1694030761719
149,882.8178405761719,428.1852722167969
150,882.6631927490234,427.94281005859375
151,881.9162750244141,427.115478515625
152,882.2402954101562,427.1352844238281
153,883.0418395996094,427.4985046386719
154,883.5443115234375,426.9407653808594
155,883.1096649169922,427.05572509765625
156,883.9604187011719,428.4879150390625
157,883.3009338378906,429.80621337890625
158,884.4270324707031,429.18035888671875
159,883.5983276367188,428.8931579589844
160,883.2701873779297,429.4883117675781
161,882.3707580566406,429.46136474609375
162,881.1494445800781,429.665771484375
163,881.1769866943359,428.99609375
164,882.7092742919922,429.978271484375
165,883.0064392089844,430.7464599609375
166,883.2709503173828,430.3947448730469
167,882.7812194824219,430.19384765625
168,882.9711151123047,429.7706298828125
169,882.5669860839844,429.112548828125
170,883.968505859375,428.7495422363281
171,884.3080139160156,427.8257141113281
172,884.1234588623047,427.4515380859375
173,883.3045959472656,427.891357421875
174,884.0614318847656,428.1648864746094
175,884.1501617431641,427.6323547363281
176,882.5773620605469,428.1715087890625
177,882.1168518066406,427.73541259765625
178,881.7320251464844,427.2206115722656
179,880.7011413574219,426.4677734375
180,879.4915771484375,425.74432373046875
181,877.6597595214844,425.6834411621094
182,881.3701629638672,427.41790771484375
183,881.4405822753906,427.197998046875
184,880.4428863525391,427.69354248046875
185,879.2324829101562,427.03826904296875
186,879.0229797363281,427.2109069824219
187,879.4882965087891,427.4203186035156
188,880.1622009277344,426.59307861328125
189,880.4288482666016,425.585693359375
190,879.676513671875,425.54742431640625
191,881.4507293701172,425.8430480957031
192,881.3099670410156,426.83447265625
193,881.6336059570312,426.6460266113281
194,880.9796905517578,425.8324279785156
195,880.8573150634766,426.232421875
196,880.9109497070312,425.82672119140625
197,882.1961975097656,426.81756591796875
198,883.6002349853516,426.2950744628906
199,883.4248352050781,426.4020690917969
200,883.1484985351562,426.5255432128906
201,883.0808258056641,426.31134033203125
202,883.8198089599609,426.2927551269531
203,884.2556762695312,426.6863098144531
204,885.1292419433594,427.0269775390625
205,884.6821594238281,427.50390625
206,883.9397430419922,428.3968505859375
207,883.1964111328125,428.7140808105469
208,883.7165832519531,428.3467712402344
209,883.5873413085938,427.92669677734375
210,883.9251708984375,428.6068420410156
211,883.6116027832031,428.9012756347656
212,884.7315216064453,428.77301025390625
213,885.8600616455078,427.4614562988281
214,884.4636535644531,427.31646728515625
215,884.4139099121094,427.40692138671875
216,882.7081298828125,427.72772216796875
217,882.1288299560547,427.5331115722656
218,882.0657348632812,427.75640869140625
219,881.8901062011719,429.0245361328125
220,881.3232421875,428.40667724609375
221,881.3475036621094,428.2389831542969
222,880.3498840332031,428.8987121582031
223,879.5608520507812,428.8089599609375
224,879.1284942626953,430.1589660644531
225,879.130859375,430.2607116699219
226,879.4517517089844,430.9987487792969
227,880.0743103027344,430.5071716308594
228,880.5290985107422,430.8890075683594
229,881.4308166503906,430.7520751953125
230,880.2102661132812,430.0395202636719
231,879.9635314941406,428.4498291015625
232,880.4774475097656,428.82421875
233,881.4607238769531,428.7019958496094
234,881.3813018798828,429.4497375488281
235,880.9777069091797,430.05328369140625
236,880.7040405273438,430.9477233886719
237,879.8517608642578,430.1632995605469
238,880.206298828125,428.919189453125
239,880.0213623046875,428.1401062011719
240,879.4194793701172,429.2659912109375
241,879.2100524902344,429.7492370605469
242,878.8333892822266,430.26080322265625
243,879.2790222167969,430.45001220703125
244,878.3341979980469,430.6977233886719
245,877.7940368652344,429.9619140625
246,878.5735321044922,430.24749755859375
247,879.2621612548828,431.0311584472656
248,879.3934631347656,430.5929870605469
249,880.0526428222656,430.8851623535156
250,879.7914886474609,430.8519287109375
251,878.2112121582031,431.63134765625
252,876.5742492675781,432.2777404785156
253,876.7030334472656,431.83636474609375
254,877.1071624755859,432.0387268066406
255,877.9269409179688,431.8833923339844
256,878.3884429931641,431.7080993652344
257,879.2174530029297,431.5892028808594
258,878.6165618896484,432.0506896972656
259,879.3255615234375,431.154541015625
260,878.8532257080078,429.97894287109375
261,880.1519775390625,430.9473571777344
262,880.9614562988281,430.6684265136719
263,881.1911773681641,430.5189208984375
264,880.4645538330078,429.8547058105469
265,880.8537292480469,429.7944641113281
266,881.3445281982422,430.4017028808594
267,882.1788024902344,430.2829895019531
268,881.8686676025391,429.71502685546875
269,881.8255615234375,430.7786560058594
270,882.0021820068359,431.1123352050781
271,881.4774322509766,431.0970458984375
272,881.0550689697266,430.8430480957031
273,879.9536895751953,430.9215393066406
274,880.0200653076172,432.2440185546875
275,880.9008026123047,431.42041015625
276,880.9999847412109,430.7335510253906
277,878.9412689208984,431.55413818359375
278,878.7049865722656,431.74554443359375
279,879.4485473632812,430.7734069824219
280,880.3251647949219,430.8597717285156
281,880.5266571044922,430.9949035644531
282,881.3657379150391,430.57366943359375
283,881.0590362548828,430.6097106933594
284,881.6120910644531,429.9886779785156
285,882.1302032470703,428.9542541503906
286,881.7326354980469,429.0732727050781
287,881.1469268798828,430.3619079589844
288,880.8033752441406,430.6260070800781
289,880.3816223144531,431.288818359375
290,879.9697875976562,430.92596435546875
291,880.8403015136719,430.26361083984375
292,880.8907318115234,430.6142578125
293,880.2706909179688,429.673828125
294,879.6063232421875,429.8652648925781
295,878.4632873535156,430.4718017578125
296,877.4003601074219,431.15533447265625
297,877.5391387939453,430.4862060546875
298,877.6499938964844,431.0392761230469
299,877.1895599365234,431.1275939941406
300,878.0298614501953,431.2453308105469
301,877.9715728759766,431.0212097167969
302,877.9171752929688,430.9291687011719
303,878.2756042480469,431.6789855957031
304,879.5514678955078,431.0891418457031
305,880.8470153808594,430.24310302734375
306,880.0465393066406,430.46502685546875
307,880.0231170654297,429.8763427734375
308,879.9372100830078,429.44476318359375
309,879.9343872070312,429.8129577636719
310,880.0357818603516,430.3639221191406
311,880.0721740722656,430.5332946777344
312,880.1844024658203,428.7226867675781
313,879.7016906738281,428.4049987792969
314,879.6244812011719,428.5727844238281
315,878.7836456298828,429.3710021972656
316,879.5632934570312,429.4684143066406
317,880.1711273193359,429.8780517578125
318,879.1448211669922,429.29229736328125
319,878.4443664550781,429.2165832519531
320,878.6632537841797,429.8706359863281
321,877.9676055908203,429.8236389160156
322,877.7704620361328,429.80548095703125
323,877.8756713867188,430.10211181640625
324,878.9525604248047,431.0931701660156
325,879.1386413574219,431.3763732910156
326,879.5110321044922,431.5173034667969
327,880.1823425292969,431.5468444824219
328,880.1061248779297,430.8661804199219
329,879.6696472167969,431.3704833984375
330,879.4239807128906,431.2012634277344
331,880.9470367431641,431.5128479003906
332,881.92626953125,431.7408447265625
333,882.0684814453125,430.28466796875
334,881.5609741210938,429.0224914550781
335,881.0549163818359,428.7649230957031
336,880.1137542724609,428.803955078125
337,879.8975372314453,429.5682678222656
338,878.5560607910156,429.9736328125
339,878.8920593261719,428.4881896972656
340,881.0562133789062,428.8804626464844
341,882.7096557617188,428.6259460449219
342,882.21923828125,428.03253173828125
343,882.5980377197266,428.28350830078125
344,882.7885437011719,428.7071533203125
345,883.0696105957031,428.43096923828125
346,883.5120391845703,428.4970703125
347,883.8404846191406,428.6231994628906
348,884.1967010498047,428.4998474121094
349,885.0535583496094,428.13055419921875
350,884.7670745849609,427.1362609863281
351,884.7447204589844,426.71368408203125
352,885.6175231933594,425.75201416015625
353,885.68603515625,425.2304382324219
354,885.2378082275391,425.6797180175781
355,884.4764709472656,425.5488586425781
356,885.1980590820312,425.0745544433594
357,884.4136810302734,424.0337219238281
358,883.1166076660156,423.27154541015625
359,882.8025817871094,423.90374755859375
360,882.8292083740234,422.8894958496094
361,883.0467987060547,422.71051025390625
362,883.5519409179688,423.3450622558594
363,884.229736328125,423.92987060546875
364,884.3618011474609,423.5286865234375
365,884.8680114746094,423.35125732421875
366,884.3804931640625,423.56494140625
367,883.75244140625,424.1141357421875
368,883.9163208007812,424.8787841796875
369,883.2654571533203,424.91180419921875
370,883.1971740722656,424.0330505371094
371,882.7766418457031,423.2898864746094
372,882.4976348876953,423.2032775878906
373,883.3390808105469,423.2522277832031
374,883.341064453125,424.5947570800781
375,882.2593688964844,424.9354248046875
376,881.5235900878906,425.14031982421875
377,882.7100372314453,426.1800842285156
378,881.6949462890625,426.9265441894531
379,881.9165802001953,426.3258056640625
380,881.6977691650391,425.5732727050781
381,881.2345886230469,425.0845947265625
382,880.8226013183594,426.1753845214844
383,880.5830383300781,426.76995849609375
384,880.5265808105469,427.82452392578125
385,880.6427001953125,427.5508117675781
386,880.5916595458984,427.1747741699219
387,880.8036041259766,427.6012878417969
388,880.9220123291016,427.3037414550781
389,880.2894592285156,427.92193603515625
390,880.7160949707031,426.9666748046875
391,881.0898590087891,427.5458068847656
392,881.3963317871094,427.9196472167969
393,881.9233703613281,428.2625427246094
394,881.3087463378906,428.0655822753906
395,881.8414306640625,428.3128356933594
396,882.1254730224609,428.2192077636719
397,881.7607116699219,427.86029052734375
398,881.7224884033203,428.54693603515625
399,882.8883361816406,429.2247314453125
400,882.7247619628906,429.2045593261719
401,882.7247619628906,429.2045593261719
0,486.7367935180664,327.5998840332031
1,486.7367935180664,327.5998840332031
2,486.09718322753906,327.48187255859375
3,486.5083312988281,327.44525146484375
4,486.26487731933594,327.4013366699219
5,486.33689880371094,327.9384765625
6,486.7283630371094,328.07440185546875
7,486.0990524291992,327.09912109375
8,486.49696350097656,327.3510437011719
9,486.4293670654297,327.74346923828125
10,486.36192321777344,327.8335876464844
11,486.7567825317383,327.44482421875
12,487.13768005371094,327.0708923339844
13,486.79630279541016,327.1948547363281
14,486.79759979248047,327.6552734375
15,486.7268371582031,327.3561096191406
16,486.8133544921875,327.26336669921875
17,486.63169860839844,327.54547119140625
18,487.1601104736328,327.4825439453125
19,486.95533752441406,327.5666809082031
20,486.24755859375,327.5241394042969
21,486.4279556274414,327.76910400390625
22,486.62811279296875,327.709716796875
23,486.96937561035156,328.451904296875
24,487.08656311035156,328.3680725097656
25,486.73370361328125,328.57763671875
26,486.4978790283203,328.1505126953125
27,486.7936706542969,327.9046630859375
28,487.21324920654297,328.25323486328125
29,486.4008331298828,328.09222412109375
30,486.4824676513672,327.86309814453125
31,486.63352966308594,327.6365661621094
32,487.21946716308594,327.4267272949219
33,486.71836853027344,327.8185119628906
34,486.49742126464844,327.51336669921875
35,486.5709686279297,327.7745666503906
36,486.80042266845703,327.905029296875
37,486.7687225341797,327.7926025390625
38,486.77906036376953,328.28509521484375
39,486.27174377441406,328.01416015625
40,486.47891998291016,327.5847473144531
41,487.02354431152344,327.4090881347656
42,487.0420837402344,327.89935302734375
43,487.18441009521484,328.442138671875
44,487.01725006103516,328.4961853027344
45,487.1392059326172,327.73529052734375
46,487.29835510253906,327.581298828125
47,486.9845962524414,327.1673278808594
48,486.72374725341797,327.24664306640625
49,486.94068908691406,327.4150390625
50,486.8329620361328,326.95831298828125
51,486.9602966308594,327.1054992675781
52,486.7951202392578,327.40679931640625
53,486.771240234375,328.1407775878906
54,486.89197540283203,327.94024658203125
55,486.4797592163086,328.1474914550781
56,486.5493392944336,328.1102294921875
57,487.1446990966797,328.6734619140625
58,487.01026916503906,327.9525451660156
59,486.8943405151367,327.2528381347656
60,487.01221466064453,327.5101623535156
61,487.0232391357422,328.0300598144531
62,486.39888763427734,328.15386962890625
63,487.0518493652344,328.7692565917969
64,487.3219680786133,328.0418701171875
65,487.11292266845703,327.6720886230469
66,486.87744140625,328.32562255859375
67,486.98780059814453,328.14874267578125
68,487.04578399658203,328.18475341796875
69,486.89693450927734,328.04827880859375
70,486.7905044555664,327.9441223144531
71,486.6798400878906,328.5797119140625
72,486.84425354003906,328.73370361328125
73,486.4990234375,328.5836181640625
74,486.58302307128906,328.19952392578125
75,486.41883850097656,328.146728515625
76,486.8128204345703,327.44500732421875
77,487.08499908447266,327.0381164550781
78,486.87164306640625,327.6618347167969
79,486.6935348510742,328.33111572265625
80,486.8891143798828,328.28466796875
81,486.8191146850586,328.484375
82,486.59202575683594,328.0745849609375
83,486.2939453125,327.8989562988281
84,486.45957946777344,328.68157958984375
85,486.5988540649414,328.33544921875
86,486.73744201660156,328.5344543457031
87,486.84864044189453,328.81768798828125
88,486.8239974975586,328.2886962890625
89,487.07202911376953,327.8641662597656
90,487.2901153564453,327.88519287109375
91,487.11360931396484,327.8118591308594
92,486.9847869873047,328.2386779785156
93,487.3011016845703,328.4140319824219
94,487.08919525146484,328.32244873046875
95,487.37648010253906,328.017333984375
96,486.9938278198242,327.73614501953125
97,486.4667510986328,327.625732421875
98,486.5475845336914,327.7973327636719
99,486.9313049316406,327.67181396484375
100,486.982421875,327.72052001953125
101,486.2323760986328,327.4943542480469
102,486.04522705078125,328.0606994628906
103,486.4463806152344,328.7769470214844
104,486.69395446777344,328.6695251464844
105,486.72985076904297,327.7364196777344
106,486.4515686035156,328.1044616699219
107,487.20558166503906,328.4020690917969
108,486.76109313964844,328.267822265625
109,487.17586517333984,328.4507751464844
110,486.8292999267578,327.5456848144531
111,486.9736099243164,327.16326904296875
112,486.74434661865234,327.56683349609375
113,486.55155181884766,327.70849609375
114,486.67198181152344,327.6560363769531
115,486.4106750488281,327.1444396972656
116,485.7666015625,327.5259704589844
117,486.3765335083008,327.24560546875
118,486.2874221801758,327.4332275390625
119,486.2126159667969,327.4725036621094
120,486.5409469604492,327.369384765625
121,486.4209747314453,327.4249572753906
122,486.35913848876953,327.8506774902344
123,486.61033630371094,327.9736633300781
124,486.95594787597656,328.05615234375
125,486.78489685058594,328.0167541503906
126,487.0353698730469,327.9794006347656
127,487.01831817626953,327.8196105957031
128,486.43714904785156,327.970703125
129,486.62364959716797,327.74395751953125
130,486.18396759033203,328.2139892578125
131,486.38866424560547,327.72711181640625
132,486.43287658691406,327.79302978515625
133,486.5834045410156,328.053955078125
134,486.44798278808594,328.2578125
135,486.5796661376953,328.5260925292969
136,486.85218811035156,328.6344909667969
137,486.7015075683594,328.2952880859375
138,486.59629821777344,328.3288879394531
139,486.21726989746094,328.1444091796875
140,486.7261505126953,328.28643798828125
141,487.3358154296875,328.0020446777344
142,486.8994903564453,327.8617248535156
143,487.2190475463867,328.046875
144,486.72679901123047,327.15545654296875
145,486.8088150024414,326.841796875
146,486.84818267822266,327.0376281738281
147,486.7028045654297,326.9377136230469
148,486.97792053222656,327.3437194824219
149,486.67808532714844,327.41949462890625
150,486.66587829589844,327.6871337890625
151,487.2409439086914,327.6510009765625
152,486.82552337646484,327.3912658691406
153,486.72679901123047,327.5929260253906
154,486.5308380126953,327.98883056640625
155,486.47666931152344,327.5989685058594
156,486.68933868408203,327.341552734375
157,486.6872024536133,327.3589782714844
158,486.4055633544922,327.4773864746094
159,486.83631896972656,327.2538757324219
160,486.82395935058594,327.5653381347656
161,486.43585205078125,327.96343994140625
162,486.56517028808594,328.0595397949219
163,486.49131774902344,328.2639465332031
164,486.6732406616211,328.3475036621094
165,486.4595031738281,327.69085693359375
166,487.00000762939453,328.1211853027344
167,486.83876037597656,328.4248352050781
168,487.26993560791016,328.48046875
169,486.55372619628906,327.81976318359375
170,486.3518524169922,327.837158203125
171,486.6458511352539,327.9808349609375
172,486.4821243286133,327.98394775390625
173,486.39720916748047,327.9934997558594
174,486.7279815673828,328.3617858886719
175,486.35353088378906,328.21392822265625
176,486.3636016845703,328.3831787109375
177,486.94263458251953,327.7637023925781
178,485.98533630371094,327.5027770996094
179,485.5406951904297,327.55413818359375
180,486.6312026977539,327.7629699707031
181,482.08335876464844,326.3531188964844
182,486.4816665649414,327.9472351074219
183,486.73126220703125,327.68927001953125
184,486.61781311035156,327.5292053222656
185,486.73851013183594,327.8021240234375
186,486.73179626464844,328.19610595703125
187,486.1693572998047,328.3096008300781
188,486.34246826171875,327.4664001464844
189,486.80747985839844,327.60693359375
190,486.5843963623047,327.5020446777344
191,485.9001922607422,327.40679931640625
192,486.67911529541016,327.6509094238281
193,486.8736267089844,327.8202209472656
194,487.11524963378906,327.68389892578125
195,486.8424987792969,327.721923828125
196,486.70318603515625,327.6888427734375
197,486.67171478271484,327.62646484375
198,487.2304153442383,327.6367492675781
199,486.82918548583984,327.53082275390625
200,486.76368713378906,328.01177978515625
201,486.84906005859375,327.4555969238281
202,486.9154357910156,327.3772888183594
203,486.5597152709961,327.28216552734375
204,486.53587341308594,327.0740966796875
205,486.2168502807617,327.1883544921875
206,486.55914306640625,327.5129089355469
207,486.7177200317383,327.72625732421875
208,486.24034881591797,327.7164001464844
209,486.3031005859375,327.4553527832031
210,486.42669677734375,327.7331237792969
211,486.9425964355469,328.2682800292969
212,486.9468688964844,328.27630615234375
213,486.1879348754883,328.0333557128906
214,486.52442932128906,328.117919921875
215,486.7259216308594,327.70550537109375
216,486.86805725097656,327.7532043457031
217,486.53892517089844,327.8725891113281
218,486.92134857177734,327.9144287109375
219,487.1065902709961,327.5489501953125
220,486.5183639526367,327.6978759765625
221,486.4742660522461,327.6090393066406
222,486.42982482910156,327.67291259765625
223,486.51573181152344,327.5071105957031
224,486.9312286376953,327.2010803222656
225,487.1474838256836,327.68017578125
226,486.8961715698242,327.72882080078125
227,486.9923782348633,327.997314453125
228,486.9029998779297,327.8884582519531
229,486.39659881591797,328.09832763671875
230,487.0098876953125,328.41827392578125
231,486.70387268066406,327.8645935058594
232,486.62132263183594,327.99407958984375
233,486.7305374145508,328.447998046875
234,486.26792907714844,328.24755859375
235,486.79065704345703,327.8038635253906
236,486.80625915527344,327.77618408203125
237,486.83631896972656,327.6152648925781
238,486.35555267333984,327.1814880371094
239,486.3152313232422,326.8260803222656
240,486.61399841308594,326.65985107421875
241,486.7230987548828,327.2117919921875
242,486.5311813354492,327.2431945800781
243,486.7237091064453,327.80047607421875
244,486.39366149902344,327.97344970703125
245,485.8130645751953,327.2773742675781
246,486.0573196411133,327.83465576171875
247,486.08741760253906,327.5706787109375
248,486.395263671875,327.5165710449219
249,486.3367462158203,328.1380310058594
250,486.68994903564453,328.0444641113281
251,486.4740753173828,328.49066162109375
252,486.2662124633789,328.33880615234375
253,486.4384460449219,327.75213623046875
254,485.99037170410156,327.5072937011719
255,486.17496490478516,327.0849304199219
256,486.81697845458984,326.909423828125
257,486.77562713623047,327.7673645019531
258,487.17079162597656,327.2796325683594
259,486.58260345458984,327.4593505859375
260,486.1174011230469,328.3343200683594
261,486.5143585205078,328.02520751953125
262,486.7099380493164,327.6978454589844
263,486.915283203125,327.7251892089844
264,486.7284393310547,327.68939208984375
265,486.4919662475586,327.8072509765625
266,486.80965423583984,328.18646240234375
267,486.9179153442383,327.59808349609375
268,486.82708740234375,327.5653076171875
269,486.82159423828125,328.1227111816406
270,486.8174743652344,327.6700744628906
271,486.8201446533203,327.389404296875
272,486.60377502441406,327.7824401855469
273,486.8536376953125,327.5588073730469
274,486.59244537353516,327.48199462890625
275,486.41883850097656,327.189453125
276,486.10965728759766,326.9847412109375
277,486.2640380859375,327.1995849609375
278,485.7449722290039,327.0775451660156
279,486.304931640625,326.92047119140625
280,485.98499298095703,327.6181640625
281,485.9636688232422,327.93572998046875
282,486.7893600463867,327.2496643066406
283,486.57386779785156,327.1211853027344
284,486.16233825683594,327.0608825683594
285,486.46636962890625,327.0840148925781
286,486.3743591308594,327.6836242675781
287,485.95619201660156,327.6348571777344
288,486.3513946533203,327.6539001464844
289,486.3151550292969,327.8003234863281
290,486.02306365966797,327.5169982910156
291,486.1474609375,326.8780212402344
292,486.78882598876953,327.1948547363281
293,486.8206024169922,327.7942810058594
294,486.35658264160156,327.3277893066406
295,486.3451385498047,327.7655334472656
296,486.36157989501953,327.7792053222656
297,486.76551818847656,327.5871276855469
298,486.5583038330078,327.71343994140625
299,485.8558654785156,327.79412841796875
300,485.97938537597656,328.09197998046875
301,486.2659454345703,327.7631530761719
302,486.37500762939453,327.2275695800781
303,486.2236785888672,327.1177673339844
304,486.0761260986328,327.6784973144531
305,485.9739303588867,328.4462585449219
306,486.0882568359375,328.0445861816406
307,486.3241195678711,327.82275390625
308,487.24365234375,328.2715759277344
309,486.9435119628906,328.1161193847656
310,486.4394760131836,327.4794006347656
311,486.4285659790039,326.98724365234375
312,486.3330841064453,326.9612121582031
313,486.3011932373047,326.9099426269531
314,485.8485794067383,327.17083740234375
315,486.2226104736328,327.7480773925781
316,486.1872863769531,327.3021240234375
317,486.33716583251953,327.4410705566406
318,486.50840759277344,327.0240478515625
319,486.1371612548828,327.6232604980469
320,486.4876174926758,327.6119079589844
321,486.2497329711914,327.31451416015625
322,485.5710220336914,327.6032409667969
323,486.3510513305664,327.3959045410156
324,486.1181640625,327.6533203125
325,486.4910125732422,328.1565246582031
326,486.49925231933594,328.0920104980469
327,486.0822296142578,327.5836486816406
328,485.74424743652344,326.4204406738281
329,486.75174713134766,326.4734802246094
330,485.8976745605469,327.1690979003906
331,486.19251251220703,327.64459228515625
332,485.9828186035156,326.7196960449219
333,485.8962631225586,326.03448486328125
334,485.67657470703125,326.6835021972656
335,485.0885009765625,326.61505126953125
336,485.52642822265625,326.9050598144531
337,485.2770233154297,327.21380615234375
338,485.43907165527344,327.4068298339844
339,485.7693099975586,326.87762451171875
340,485.5770492553711,327.2764587402344
341,486.3041305541992,327.2978210449219
342,486.3161849975586,326.5705871582031
343,485.93421936035156,326.8609619140625
344,485.6343078613281,326.6994323730469
345,485.7768249511719,327.2767028808594
346,485.6290054321289,327.3799743652344
347,485.45310974121094,327.4856262207031
348,486.15394592285156,327.15057373046875
349,486.0509490966797,327.29071044921875
350,485.59852600097656,328.1011962890625
351,485.0123977661133,327.9911804199219
352,484.9053192138672,328.0317077636719
353,485.55973052978516,327.8990478515625
354,486.1265563964844,328.069091796875
355,487.13916778564453,327.59002685546875
356,486.22791290283203,327.1183166503906
357,485.99693298339844,327.54559326171875
358,485.9453582763672,327.2626037597656
359,486.44466400146484,327.6148376464844
360,486.2040710449219,327.7447814941406
361,485.8710479736328,327.8783264160156
362,485.8965301513672,327.2375793457031
363,486.3723373413086,327.1847229003906
364,486.53446197509766,327.09527587890625
365,486.4542007446289,326.94500732421875
366,485.9183120727539,327.8577575683594
367,485.85052490234375,327.3266296386719
368,486.0038375854492,328.3260803222656
369,486.1620330810547,327.74700927734375
370,486.2666320800781,327.6830139160156
371,486.06319427490234,327.97222900390625
372,486.2720489501953,327.46929931640625
373,486.67083740234375,327.44647216796875
374,486.18995666503906,327.76458740234375
375,485.11505126953125,327.2900085449219
376,484.8680114746094,327.0724182128906
377,485.5141067504883,327.1818542480469
378,485.9284973144531,327.46734619140625
379,486.1215591430664,327.6422424316406
380,486.03580474853516,327.10003662109375
381,485.9304428100586,327.1408996582031
382,485.6972122192383,326.9278259277344
383,485.8171081542969,327.1884460449219
384,486.1393737792969,327.4228210449219
385,485.96946716308594,327.41314697265625
386,486.0987091064453,328.1711730957031
387,485.63159942626953,328.1122741699219
388,485.66001892089844,327.79339599609375
389,486.3835144042969,327.580810546875
390,486.4657211303711,327.3839111328125
391,485.82286834716797,327.02813720703125
392,485.5297088623047,326.71710205078125
393,486.31568908691406,326.98480224609375
394,486.2949752807617,327.7904357910156
395,486.0195541381836,328.36065673828125
396,485.9142303466797,328.189208984375
397,486.0866928100586,327.06109619140625
398,486.63368225097656,326.9266052246094
399,486.8227005004883,326.8467712402344
400,486.72210693359375,326.968017578125
401,486.72210693359375,326.968017578125
0,552.6568603515625,819.2974243164062
1,552.6568603515625,819.2974243164062
2,552.700309753418,819.133056640625
3,552.6371383666992,819.2731323242188
4,552.4960327148438,819.209716796875
5,552.5859451293945,819.1808471679688
6,552.6479339599609,819.1900634765625
7,552.6018142700195,819.309814453125
8,552.7281951904297,819.224609375
9,552.6015472412109,819.1300048828125
10,552.6386260986328,819.2303466796875
11,552.5867462158203,819.2510375976562
12,552.6528930664062,819.2486572265625
13,552.5067901611328,819.1746215820312
14,552.689323425293,819.222900390625
15,552.5307083129883,819.201171875
16,552.5276947021484,819.2119140625
17,552.6629638671875,819.3657836914062
18,552.5960540771484,819.2213134765625
19,552.4653244018555,819.1129150390625
20,552.6115036010742,819.3345947265625
21,552.6424026489258,819.3790893554688
22,552.5171661376953,819.3746948242188
23,552.5241851806641,819.2500610351562
24,552.464485168457,819.2680053710938
25,552.5434112548828,819.2833862304688
26,552.4497222900391,819.2413940429688
27,552.568244934082,819.2254638671875
28,552.3712921142578,819.3614501953125
29,552.5081253051758,819.2783813476562
30,552.5911331176758,819.3104858398438
31,552.532958984375,819.2002563476562
32,552.6484298706055,819.279296875
33,552.5991821289062,819.2470092773438
34,552.6578521728516,819.3001708984375
35,552.6448440551758,819.147705078125
36,552.652702331543,819.1334838867188
37,552.591552734375,819.0269775390625
38,552.5927734375,819.2861938476562
39,552.68310546875,819.2672729492188
40,552.669563293457,819.1112060546875
41,552.6577758789062,819.2293701171875
42,552.6050567626953,819.1729736328125
43,552.6152420043945,819.1350708007812
44,552.6808929443359,819.0592041015625
45,552.6585006713867,819.2496337890625
46,552.5720977783203,819.0936279296875
47,552.5417327880859,819.1959228515625
48,552.5891876220703,819.2290649414062
49,552.6053619384766,819.1273193359375
50,552.5466156005859,819.0970458984375
51,552.6630401611328,819.2260131835938
52,552.6851654052734,819.2796020507812
53,552.7268600463867,819.2669067382812
54,552.6630401611328,819.1626586914062
55,552.5615692138672,819.3257446289062
56,552.613525390625,819.2055053710938
57,552.6747512817383,819.2245483398438
58,552.632942199707,819.1563720703125
59,552.730827331543,819.2454833984375
60,552.6992034912109,819.1920166015625
61,552.6317596435547,819.1620483398438
62,552.7791595458984,819.219482421875
63,552.674560546875,819.1298828125
64,552.7228927612305,819.1773071289062
65,552.6980590820312,819.1028442382812
66,552.7495193481445,819.2569580078125
67,552.7074432373047,819.3223266601562
68,552.6094436645508,819.2709350585938
69,552.6615142822266,819.165283203125
70,552.6400756835938,819.1921997070312
71,552.681884765625,819.211669921875
72,552.6937866210938,819.22900390625
73,552.7067947387695,819.235595703125
74,552.588005065918,819.1898803710938
75,552.9043579101562,819.1857299804688
76,552.7129364013672,819.2686767578125
77,552.6650238037109,819.1764526367188
78,552.712516784668,819.22021484375
79,552.7767944335938,819.1889038085938
80,552.6909255981445,819.2249145507812
81,552.647705078125,819.1483154296875
82,552.7084350585938,819.2228393554688
83,552.6863479614258,819.18359375
84,552.696647644043,819.2782592773438
85,552.6803588867188,819.2301635742188
86,552.681884765625,819.2997436523438
87,552.6499557495117,819.3046875
88,552.6538848876953,819.2789916992188
89,552.597770690918,819.1830444335938
90,552.5807952880859,819.3064575195312
91,552.7363967895508,819.275390625
92,552.6909255981445,819.2597045898438
93,552.7103424072266,819.3140869140625
94,552.8096389770508,819.171875
95,552.664909362793,819.2202758789062
96,552.634162902832,819.3024291992188
97,552.7034378051758,819.2074584960938
98,552.6747894287109,819.2369995117188
99,552.6398849487305,819.171630859375
100,552.7578735351562,819.255615234375
101,552.6625823974609,819.2355346679688
102,552.6444625854492,819.0899047851562
103,552.6939010620117,819.1317138671875
104,552.720947265625,819.1277465820312
105,552.6265335083008,819.1597900390625
106,552.7629470825195,819.18505859375
107,552.5911712646484,819.2271118164062
108,552.6607131958008,819.217041015625
109,552.6753616333008,819.2702026367188
110,552.5726318359375,819.2703857421875
111,552.7762603759766,819.2903442382812
112,552.6026153564453,819.2366943359375
113,552.7768707275391,819.2630004882812
114,552.6428985595703,819.254638671875
115,552.7471923828125,819.3042602539062
116,552.7091598510742,819.2656860351562
117,552.7117919921875,819.3033447265625
118,552.7135467529297,819.2154541015625
119,552.7095794677734,819.22314453125
120,552.6972198486328,819.2274780273438
121,552.7302932739258,819.16162109375
122,552.6890182495117,819.2372436523438
123,552.7862548828125,819.2640991210938
124,552.7291107177734,819.3341064453125
125,552.7633666992188,819.29248046875
126,552.6718139648438,819.1347045898438
127,552.6771926879883,819.2054443359375
128,552.6293182373047,819.3408203125
129,552.696533203125,819.2413330078125
130,552.7011871337891,819.103515625
131,552.7193450927734,819.1699829101562
132,552.7363967895508,819.1890258789062
133,552.6718139648438,819.285888671875
134,552.7357864379883,819.30712890625
135,552.6198196411133,819.3020629882812
136,552.578125,819.2872924804688
137,552.7117919921875,819.2139282226562
138,552.6808929443359,819.18212890625
139,552.7251052856445,819.2124633789062
140,552.7375030517578,819.3366088867188
141,552.6503372192383,819.2211303710938
142,552.8200531005859,819.438720703125
143,552.6538848876953,819.2662963867188
144,552.751350402832,819.3351440429688
145,552.7378082275391,819.4005126953125
146,552.6969528198242,819.2332153320312
147,552.6316070556641,819.2322998046875
148,552.822265625,819.318359375
149,552.7454376220703,819.23779296875
150,552.7759552001953,819.2978515625
151,552.7359008789062,819.32421875
152,552.7373504638672,819.2517700195312
153,552.657356262207,819.2601928710938
154,552.6750946044922,819.265380859375
155,552.6706695556641,819.27685546875
156,552.6306915283203,819.2279052734375
157,552.708740234375,819.3522338867188
158,552.730712890625,819.1983032226562
159,552.7639007568359,819.252685546875
160,552.7866363525391,819.2879028320312
161,552.73681640625,819.1021118164062
162,552.7008819580078,819.2640380859375
163,552.7787017822266,819.1773071289062
164,552.6920318603516,819.2657470703125
165,552.7287673950195,819.2056884765625
166,552.5848388671875,819.2244873046875
167,552.6842498779297,819.2484130859375
168,552.7664947509766,819.2930297851562
169,552.7228546142578,819.2338256835938
170,552.7816009521484,819.310791015625
171,552.7350997924805,819.2158203125
172,552.8231048583984,819.2929077148438
173,552.7925491333008,819.2271118164062
174,552.8253936767578,819.2784423828125
175,552.7240753173828,819.2669677734375
176,552.7425384521484,819.3268432617188
177,552.740478515625,819.2518920898438
178,552.679557800293,819.2958984375
179,552.5399017333984,819.17578125
180,552.7326583862305,819.2666015625
181,552.7536773681641,819.2886352539062
182,552.7036285400391,819.3849487304688
183,552.6765823364258,819.3159790039062
184,552.701416015625,819.2986450195312
185,552.7018356323242,819.3226318359375
186,552.7184295654297,819.278076171875
187,552.796745300293,819.4088745117188
188,552.7864837646484,819.2763061523438
189,552.862434387207,819.1456298828125
190,552.8398895263672,819.3705444335938
191,552.7829742431641,819.2684936523438
192,552.8635406494141,819.3212890625
193,552.7063751220703,819.20654296875
194,552.7437591552734,819.256591796875
195,552.7032470703125,819.1752319335938
196,552.6045608520508,819.2911987304688
197,552.6242828369141,819.2839965820312
198,552.7889251708984,819.364501953125
199,552.7327346801758,819.2711791992188
200,552.6802825927734,819.33154296875
201,552.7302932739258,819.308837890625
202,552.679328918457,819.3109130859375
203,552.6773834228516,819.3400268554688
204,552.7738571166992,819.3098754882812
205,552.8207397460938,819.1873779296875
206,552.6222610473633,819.2648315429688
207,552.6346969604492,819.255126953125
208,552.7199554443359,819.2261352539062
209,552.7227020263672,819.14306640625
210,552.707633972168,819.3427734375
211,552.734375,819.2704467773438
212,552.6844024658203,819.3130493164062
213,552.7654266357422,819.2639770507812
214,552.7009963989258,819.3777465820312
215,552.6224517822266,819.3862915039062
216,552.6116943359375,819.2367553710938
217,552.7353668212891,819.1646728515625
218,552.7671432495117,819.2880249023438
219,552.7706909179688,819.319091796875
220,552.7841186523438,819.4632568359375
221,552.7510833740234,819.3466796875
222,552.7742767333984,819.3553466796875
223,552.7327346801758,819.2891845703125
224,552.6912689208984,819.3319702148438
225,552.816276550293,819.340087890625
226,552.7109527587891,819.1843872070312
227,552.7819061279297,819.1956176757812
228,552.7936553955078,819.302490234375
229,552.7385330200195,819.2116088867188
230,552.7776336669922,819.254638671875
231,552.7307891845703,819.3505859375
232,552.8632736206055,819.1885375976562
233,552.9062652587891,819.2999877929688
234,552.8447723388672,819.19189453125
235,552.9264450073242,819.2333984375
236,552.7699661254883,819.2241821289062
237,552.9103851318359,819.1724853515625
238,552.789306640625,819.3599243164062
239,552.8179931640625,819.18310546875
240,552.8660202026367,819.3587646484375
241,552.9358673095703,819.3385620117188
242,552.7275466918945,819.276123046875
243,552.839241027832,819.3093872070312
244,552.8560256958008,819.3474731445312
245,552.786865234375,819.2949829101562
246,552.6984405517578,819.2396850585938
247,552.7954864501953,819.370849609375
248,552.816047668457,819.319091796875
249,552.808837890625,819.3936157226562
250,552.7811431884766,819.2648315429688
251,552.8780364990234,819.3419189453125
252,552.822380065918,819.4703979492188
253,552.8035736083984,819.580322265625
254,552.7700805664062,819.5103149414062
255,552.790412902832,819.51220703125
256,552.8074264526367,819.406005859375
257,552.8073120117188,819.4630126953125
258,552.7766799926758,819.3905639648438
259,552.781867980957,819.27392578125
260,552.7436065673828,819.3878173828125
261,552.7501678466797,819.357177734375
262,552.6502227783203,819.4146118164062
263,552.720832824707,819.3496704101562
264,552.8104400634766,819.343017578125
265,552.6131057739258,819.2899780273438
266,552.7385711669922,819.3358764648438
267,552.7245330810547,819.365966796875
268,552.6959991455078,819.3070068359375
269,552.7252197265625,819.3628540039062
270,552.9182815551758,819.3762817382812
271,552.7922439575195,819.3917236328125
272,552.7824783325195,819.4423828125
273,552.7580642700195,819.30322265625
274,552.838020324707,819.3421630859375
275,552.8324127197266,819.383056640625
276,552.822265625,819.4503173828125
277,552.7919387817383,819.3705444335938
278,552.831916809082,819.3355102539062
279,552.7898025512695,819.3739624023438
280,552.818603515625,819.4349975585938
281,552.8657913208008,819.271484375
282,552.8044509887695,819.3548583984375
283,552.844123840332,819.2225952148438
284,552.7919769287109,819.3310546875
285,552.8425979614258,819.2716674804688
286,552.8548431396484,819.44482421875
287,552.7400588989258,819.3302001953125
288,552.794075012207,819.4144287109375
289,553.0294036865234,819.440673828125
290,552.8629302978516,819.427734375
291,552.7836990356445,819.279052734375
292,552.7595901489258,819.371337890625
293,552.8256225585938,819.3505859375
294,552.7559280395508,819.4326171875
295,552.7223968505859,819.5269775390625
296,552.783203125,819.5780029296875
297,552.9226684570312,819.4658203125
298,552.9387664794922,819.4469604492188
299,552.7696990966797,819.4588012695312
300,552.8752899169922,819.3862915039062
301,552.729377746582,819.48974609375
302,552.8206634521484,819.3900146484375
303,552.8559112548828,819.3966064453125
304,552.834358215332,819.4559936523438
305,552.8839874267578,819.3922119140625
306,552.8688812255859,819.4751586914062
307,552.8226852416992,819.3274536132812
308,552.9080963134766,819.3807373046875
309,552.8300857543945,819.4022827148438
310,552.9397583007812,819.4642333984375
311,552.689208984375,819.338623046875
312,552.8987503051758,819.4176025390625
313,552.9236602783203,819.373779296875
314,552.8067016601562,819.4749755859375
315,552.809944152832,819.4124755859375
316,552.8473663330078,819.3837280273438
317,552.8249359130859,819.353271484375
318,552.824592590332,819.4490966796875
319,552.8946685791016,819.4402465820312
320,552.8548431396484,819.4259643554688
321,552.8425216674805,819.4124145507812
322,552.8567504882812,819.4559326171875
323,552.9334259033203,819.45361328125
324,552.941780090332,819.578125
325,552.8791427612305,819.516845703125
326,552.7973175048828,819.451171875
327,552.8042602539062,819.42333984375
328,552.873649597168,819.3978271484375
329,552.8413772583008,819.507568359375
330,552.7964019775391,819.5223388671875
331,552.8148651123047,819.5338134765625
332,552.7846527099609,819.49560546875
333,552.7854537963867,819.4437866210938
334,552.790412902832,819.3987426757812
335,552.8900146484375,819.531494140625
336,552.8023529052734,819.507080078125
337,552.8157424926758,819.4916381835938
338,552.9523849487305,819.5046997070312
339,552.7820587158203,819.5530395507812
340,552.8935623168945,819.436279296875
341,552.796516418457,819.5328979492188
342,552.8049850463867,819.517822265625
343,552.9545974731445,819.5615234375
344,552.9135894775391,819.5708618164062
345,552.781982421875,819.4216918945312
346,552.9214477539062,819.4730224609375
347,552.8043365478516,819.4991455078125
348,552.7520751953125,819.5178833007812
349,552.7431106567383,819.4744873046875
350,552.824592590332,819.4641723632812
351,552.891731262207,819.370849609375
352,552.7726364135742,819.4259643554688
353,552.8364181518555,819.5172729492188
354,552.8551483154297,819.493896484375
355,552.9512786865234,819.4811401367188
356,552.9147338867188,819.5164184570312
357,552.8357696533203,819.5570068359375
358,552.8425216674805,819.4964599609375
359,552.9732513427734,819.3505859375
360,552.9247283935547,819.4493408203125
361,552.8977584838867,819.4288330078125
362,552.8763961791992,819.4727783203125
363,552.7769088745117,819.4566650390625
364,552.7986907958984,819.461669921875
365,552.9204559326172,819.4779663085938
366,552.9739379882812,819.5518798828125
367,553.0524444580078,819.5027465820312
368,552.9358673095703,819.514404296875
369,552.8139495849609,819.506103515625
370,552.8972625732422,819.5133666992188
371,552.8672409057617,819.45751953125
372,552.7985382080078,819.4425048828125
373,552.7786254882812,819.46240234375
374,552.843017578125,819.4283447265625
375,552.7883148193359,819.5095825195312
376,553.033561706543,819.45849609375
377,552.918815612793,819.6041870117188
378,552.9038238525391,819.6359252929688
379,552.839241027832,819.509765625
380,552.9364776611328,819.52490234375
381,552.9733276367188,819.436279296875
382,552.8885650634766,819.4437255859375
383,552.8965377807617,819.5391845703125
384,552.9350662231445,819.443115234375
385,552.9184722900391,819.482421875
386,552.8767776489258,819.5343017578125
387,552.9050827026367,819.4378662109375
388,552.9320526123047,819.4457397460938
389,552.8969192504883,819.364013671875
390,552.9900360107422,819.4835815429688
391,552.9638671875,819.5079345703125
392,552.9640960693359,819.5548095703125
393,552.996940612793,819.4420166015625
394,552.9995727539062,819.4554443359375
395,552.8707885742188,819.4638061523438
396,552.9010009765625,819.6143798828125
397,552.8668212890625,819.5775146484375
398,552.8155517578125,819.4425659179688
399,552.9114532470703,819.4985961914062
400,552.9105377197266,819.5339965820312
401,551.6217803955078,818.3052368164062
0,656.6018676757812,464.55487060546875
1,656.6018676757812,464.55487060546875
2,656.1923980712891,464.5130310058594
3,657.0394897460938,464.88140869140625
4,657.2567749023438,464.8182678222656
5,656.3646697998047,464.6026916503906
6,656.0261535644531,464.3024597167969
7,656.3938140869141,464.7513122558594
8,656.9131469726562,464.8826599121094
9,656.1170196533203,464.5163879394531
10,656.0142517089844,464.7983093261719
11,655.8547973632812,464.4579162597656
12,655.5545043945312,463.7930603027344
13,656.3278198242188,464.33660888671875
14,656.5202331542969,464.8634033203125
15,656.3896179199219,464.7164611816406
16,655.9148406982422,464.3294982910156
17,656.4109039306641,464.85565185546875
18,655.9879302978516,464.3081359863281
19,655.9346771240234,465.0942077636719
20,656.4490509033203,464.9169006347656
21,656.8305969238281,464.42437744140625
22,656.3011932373047,464.2797546386719
23,655.8193969726562,464.21051025390625
24,655.7966613769531,464.4578857421875
25,656.1668395996094,464.4551086425781
26,656.300048828125,464.267822265625
27,656.9259643554688,464.5437927246094
28,656.7414855957031,464.6594543457031
29,656.4757537841797,464.6333312988281
30,656.1678314208984,464.1168212890625
31,656.3137054443359,463.9201354980469
32,655.9300231933594,464.1494445800781
33,655.8560943603516,464.3800964355469
34,656.2400817871094,464.7037658691406
35,656.1428070068359,464.2787170410156
36,655.9919738769531,464.2684631347656
37,656.2318420410156,464.4343566894531
38,656.2205505371094,464.78509521484375
39,656.0623931884766,465.2366943359375
40,656.0484313964844,464.97882080078125
41,656.0835266113281,465.415771484375
42,656.0615539550781,464.769775390625
43,656.1354827880859,463.9875793457031
44,656.4268493652344,464.4188232421875
45,656.2021636962891,464.45263671875
46,656.2490081787109,464.3558349609375
47,656.2184906005859,464.4028015136719
48,656.1078643798828,464.17633056640625
49,656.5391540527344,464.248779296875
50,656.1293029785156,464.304443359375
51,656.2428283691406,465.2208557128906
52,656.4181518554688,464.9364318847656
53,656.3999938964844,465.00640869140625
54,656.6550445556641,464.8546142578125
55,656.8115234375,464.63348388671875
56,656.6731262207031,465.0097351074219
57,656.2502288818359,464.94610595703125
58,656.2192535400391,464.5133056640625
59,656.6194915771484,465.0652160644531
60,656.1744689941406,464.63702392578125
61,656.0726928710938,464.2776794433594
62,656.7088317871094,464.38525390625
63,656.4787292480469,464.1413879394531
64,656.3404846191406,464.4466552734375
65,656.5219116210938,465.01141357421875
66,656.3282775878906,465.4368591308594
67,656.240234375,465.34234619140625
68,656.7357635498047,465.5197448730469
69,656.3792419433594,465.26068115234375
70,656.3618469238281,464.9949645996094
71,656.4161682128906,464.1604919433594
72,656.2175750732422,463.90069580078125
73,656.26708984375,464.3087463378906
74,656.7413330078125,464.704345703125
75,656.9694519042969,464.48345947265625
76,656.9113159179688,464.6488037109375
77,656.3780212402344,465.07586669921875
78,656.6060638427734,464.72027587890625
79,656.1964416503906,464.4385681152344
80,656.3845825195312,464.2624206542969
81,656.3667297363281,464.1066589355469
82,656.3908386230469,464.2965393066406
83,656.5007019042969,464.6630859375
84,656.4084625244141,464.8031005859375
85,656.4529418945312,464.4586181640625
86,656.0821533203125,464.6346435546875
87,656.2720489501953,464.650634765625
88,656.4155578613281,464.1290283203125
89,656.7281341552734,464.6159362792969
90,656.4475250244141,464.4490661621094
91,656.5212249755859,464.792724609375
92,656.0896301269531,464.46795654296875
93,656.8923950195312,464.21954345703125
94,656.4108276367188,464.5389099121094
95,656.1015319824219,464.5719299316406
96,656.4772033691406,464.80853271484375
97,656.7395782470703,464.2368469238281
98,656.6915893554688,464.72491455078125
99,656.536865234375,464.7313537597656
100,656.4373016357422,465.07769775390625
101,656.5974426269531,464.84149169921875
102,655.9532928466797,464.8393249511719
103,656.0428619384766,464.7375793457031
104,656.3076782226562,464.9432373046875
105,656.0963439941406,464.971923828125
106,656.1843872070312,464.5009460449219
107,656.2046813964844,464.8750915527344
108,656.4127349853516,464.570068359375
109,656.2836456298828,464.3014831542969
110,655.9383392333984,464.7203063964844
111,656.1415100097656,465.1727294921875
112,656.7512512207031,464.7607727050781
113,656.0921478271484,464.6141662597656
114,655.9406280517578,464.5988464355469
115,656.0968780517578,464.4278259277344
116,656.2580871582031,464.592041015625
117,656.2228393554688,464.405029296875
118,656.3639068603516,464.8299560546875
119,656.1846923828125,464.4403991699219
120,656.1557769775391,464.0801696777344
121,656.2669372558594,463.8648681640625
122,655.963134765625,464.08172607421875
123,656.2376403808594,464.3641662597656
124,656.4662170410156,464.3192138671875
125,656.3442230224609,464.9292907714844
126,656.3990783691406,464.2754821777344
127,656.5396118164062,463.9595031738281
128,656.5439605712891,464.8992919921875
129,656.6444396972656,465.2199401855469
130,656.7118072509766,464.67547607421875
131,656.4208984375,464.6405334472656
132,656.4646911621094,464.8614501953125
133,656.1981964111328,464.74053955078125
134,656.6147613525391,464.4226989746094
135,656.5788269042969,464.07940673828125
136,656.6083526611328,464.25140380859375
137,656.800537109375,464.25048828125
138,656.3875579833984,464.3206787109375
139,656.7888641357422,464.6080322265625
140,656.3236236572266,464.3511047363281
141,656.2574768066406,464.6596984863281
142,656.1135864257812,464.5402526855469
143,656.1670684814453,464.6893310546875
144,655.8250427246094,464.5514831542969
145,656.5794372558594,464.6513671875
146,656.3670349121094,464.56732177734375
147,656.4109802246094,464.5394287109375
148,656.6446685791016,464.2039489746094
149,656.4447021484375,464.25994873046875
150,655.5351257324219,464.22705078125
151,655.7160949707031,464.1795349121094
152,655.8156585693359,464.3567810058594
153,656.07177734375,464.8656005859375
154,655.9681701660156,464.9399719238281
155,656.62109375,464.61346435546875
156,656.9270324707031,464.80560302734375
157,656.4695739746094,464.70294189453125
158,656.2446594238281,464.7650451660156
159,656.3128662109375,464.5419921875
160,656.3673400878906,464.35565185546875
161,656.1423492431641,464.9283142089844
162,656.0679626464844,464.7110900878906
163,656.6889953613281,464.102783203125
164,656.4741516113281,463.87591552734375
165,656.2770080566406,463.5779113769531
166,656.1063385009766,463.7253112792969
167,656.3974761962891,464.64654541015625
168,656.6382598876953,464.4857482910156
169,656.2766265869141,463.83941650390625
170,656.0850524902344,464.1380615234375
171,656.0588073730469,463.9189758300781
172,656.8338775634766,464.2474365234375
173,656.4948272705078,464.6420593261719
174,656.2104034423828,463.9280700683594
175,656.2916564941406,464.0526123046875
176,656.4931488037109,464.3260498046875
177,656.5196228027344,464.4749755859375
178,657.0697784423828,464.73095703125
179,656.7398071289062,464.6247863769531
180,656.5843200683594,464.7832336425781
181,656.5882873535156,464.79095458984375
182,656.5979766845703,464.6763916015625
183,656.7291259765625,464.914794921875
184,656.5925598144531,465.0486755371094
185,656.7922973632812,464.80322265625
186,656.4089965820312,464.4165954589844
187,656.2922668457031,464.23260498046875
188,656.3236999511719,464.226806640625
189,656.0431671142578,464.223388671875
190,656.0884094238281,464.24420166015625
191,656.1592102050781,464.26031494140625
192,656.4302825927734,463.9314270019531
193,656.7680358886719,463.77789306640625
194,656.8702697753906,464.05078125
195,656.9760894775391,464.3642272949219
196,656.4011383056641,464.62445068359375
197,656.1572265625,464.3724060058594
198,656.1557769775391,464.21875
199,656.3511657714844,464.2279357910156
200,656.1512756347656,464.1731872558594
201,656.0139465332031,463.6435852050781
202,656.1122131347656,463.7542419433594
203,655.7616424560547,464.7733459472656
204,655.5142211914062,464.2883605957031
205,655.9828186035156,464.1331481933594
206,656.3789367675781,464.2567443847656
207,656.7835998535156,464.1584167480469
208,656.2377166748047,464.6140441894531
209,656.5445709228516,464.3045959472656
210,656.7015838623047,464.3305358886719
211,656.3256072998047,465.0753479003906
212,656.7634582519531,464.8706970214844
213,656.7916107177734,464.9009094238281
214,657.1061706542969,465.3130187988281
215,656.9113922119141,465.06976318359375
216,656.8307495117188,465.1597900390625
217,656.7594909667969,464.8039245605469
218,656.6078186035156,464.9629821777344
219,656.3825225830078,464.2752990722656
220,656.4839935302734,464.4551696777344
221,656.9099426269531,464.4905090332031
222,656.793212890625,464.7268371582031
223,656.3722991943359,464.4593505859375
224,656.5378570556641,465.0963134765625
225,656.4747619628906,464.5053405761719
226,656.8122863769531,464.8016662597656
227,656.8345642089844,464.585205078125
228,656.2857818603516,464.3839416503906
229,656.4198303222656,464.00311279296875
230,656.5394592285156,464.523193359375
231,656.446533203125,465.0168762207031
232,656.3814544677734,464.1243896484375
233,656.5010833740234,463.4173278808594
234,657.310791015625,464.1740417480469
235,657.0158386230469,464.9062805175781
236,656.8841552734375,464.8394470214844
237,656.5230560302734,464.84637451171875
238,656.1273956298828,464.9610900878906
239,656.38427734375,464.63702392578125
240,656.3325500488281,464.0917663574219
241,656.7157745361328,464.9137878417969
242,656.3578796386719,464.49188232421875
243,656.7329406738281,464.26788330078125
244,656.6487884521484,464.54315185546875
245,656.5674591064453,464.3359375
246,656.5614318847656,464.47393798828125
247,656.3763427734375,464.29071044921875
248,656.2577056884766,464.1590881347656
249,656.6329193115234,464.0592956542969
250,656.2934875488281,464.0556945800781
251,656.1039733886719,464.0353088378906
252,656.8264007568359,464.320556640625
253,656.4456939697266,464.6949462890625
254,656.3005828857422,464.5956726074219
255,656.8595886230469,464.6856689453125
256,656.3007354736328,464.80108642578125
257,656.0821533203125,464.2345275878906
258,656.8107604980469,464.3017883300781
259,656.6419982910156,464.8029479980469
260,656.4595794677734,465.04974365234375
261,656.1179351806641,464.4022216796875
262,656.0553741455078,464.49200439453125
263,656.2961578369141,465.11688232421875
264,656.8470764160156,464.64910888671875
265,656.1334991455078,464.7552490234375
266,656.1100769042969,464.7214660644531
267,656.4705657958984,465.05059814453125
268,656.4399719238281,464.5006103515625
269,656.5811920166016,464.6316223144531
270,656.6799926757812,464.8837890625
271,656.3743591308594,465.0436096191406
272,657.0974731445312,465.2895812988281
273,657.2190856933594,465.1324462890625
274,656.5727996826172,464.81866455078125
275,656.5589904785156,464.8996887207031
276,656.6176605224609,464.4988708496094
277,656.5367889404297,464.3476257324219
278,656.0621643066406,464.598388671875
279,656.5370941162109,464.458984375
280,656.5377044677734,464.6497802734375
281,656.7652893066406,464.72509765625
282,656.3813018798828,464.7930908203125
283,656.7910003662109,464.2664794921875
284,656.7953491210938,464.518798828125
285,656.8438720703125,464.4391784667969
286,656.4988708496094,464.54925537109375
287,656.6789245605469,464.4140625
288,656.6587829589844,464.38421630859375
289,657.1357727050781,464.5248718261719
290,656.7844390869141,464.4920349121094
291,656.9525146484375,464.5748596191406
292,656.7539978027344,464.400390625
293,656.8196105957031,464.7389221191406
294,656.9007873535156,464.7274169921875
295,656.4295959472656,464.21124267578125
296,656.4466857910156,464.2528076171875
297,656.4569091796875,464.2099914550781
298,656.6915130615234,464.3639221191406
299,656.6576385498047,464.6607360839844
300,656.8218231201172,464.7930603027344
301,656.7139434814453,464.21875
302,656.5580749511719,464.0027770996094
303,656.5690612792969,464.77984619140625
304,656.3515472412109,464.6163635253906
305,656.5126037597656,464.7121276855469
306,656.3735961914062,463.9440002441406
307,656.1148071289062,464.00384521484375
308,656.5419769287109,464.2093200683594
309,656.8129730224609,464.4398193359375
310,657.1598815917969,464.5747375488281
311,656.7611694335938,464.5893859863281
312,656.8451690673828,464.3970031738281
313,656.8174743652344,464.0822448730469
314,656.7964172363281,464.18701171875
315,656.9544982910156,464.4237976074219
316,656.7710113525391,464.1185302734375
317,656.6877746582031,464.9333801269531
318,656.4892578125,464.7279968261719
319,656.8276214599609,464.5387268066406
320,656.2804412841797,464.7973327636719
321,656.0441589355469,464.7350769042969
322,656.1190032958984,464.662841796875
323,656.2553405761719,464.4928894042969
324,655.6454467773438,464.3165283203125
325,656.0429382324219,464.2447509765625
326,655.6794738769531,464.4136047363281
327,655.8161926269531,464.3262634277344
328,656.3680267333984,464.24169921875
329,656.5428161621094,464.4352111816406
330,656.7739868164062,464.4082946777344
331,656.7182922363281,464.28033447265625
332,657.1653747558594,464.3284606933594
333,657.0338439941406,464.9320068359375
334,656.8729400634766,464.7347106933594
335,656.800537109375,464.1979064941406
336,656.3485717773438,464.4239807128906
337,656.1849975585938,464.9757995605469
338,656.4923095703125,464.989990234375
339,656.3710784912109,464.85699462890625
340,656.3751220703125,464.5720520019531
341,656.259765625,464.3720703125
342,656.5151214599609,464.48089599609375
343,656.7446899414062,464.92840576171875
344,656.6667938232422,464.9239501953125
345,656.4692687988281,464.70172119140625
346,656.2064361572266,464.32086181640625
347,656.5940093994141,464.83642578125
348,656.17919921875,464.2535400390625
349,656.3151550292969,463.7384033203125
350,656.1785125732422,464.49566650390625
351,656.7701721191406,464.0297546386719
352,656.3484954833984,464.24853515625
353,656.6269683837891,464.5007019042969
354,656.5696716308594,464.39459228515625
355,656.6905212402344,464.39263916015625
356,656.9309997558594,464.1810302734375
357,656.9906616210938,464.1387023925781
358,656.3459014892578,464.3275146484375
359,656.1711120605469,464.1590881347656
360,656.4251708984375,464.31060791015625
361,656.5318298339844,464.40240478515625
362,656.6360473632812,464.91455078125
363,656.6220092773438,465.0296630859375
364,656.8535614013672,464.63482666015625
365,657.1080780029297,464.7499084472656
366,656.7683410644531,464.8346252441406
367,656.5574645996094,464.951171875
368,656.6464996337891,464.8164367675781
369,656.9559478759766,464.83087158203125
370,656.2455749511719,464.4958190917969
371,656.5615844726562,464.44268798828125
372,656.7082214355469,464.41021728515625
373,656.5504455566406,464.7301330566406
374,656.6138458251953,464.7091369628906
375,656.7057800292969,464.40582275390625
376,656.2797546386719,464.8403015136719
377,656.3702392578125,464.8721923828125
378,656.4054107666016,464.5882873535156
379,656.7044830322266,464.5561828613281
380,656.4133453369141,464.6659851074219
381,656.4211273193359,464.3234558105469
382,656.6587066650391,464.2032470703125
383,656.2614440917969,464.55535888671875
384,656.6396331787109,464.7830505371094
385,656.4823913574219,464.6869812011719
386,656.9065856933594,464.3231201171875
387,657.0231628417969,464.298828125
388,656.9039154052734,464.22210693359375
389,656.3829040527344,464.48614501953125
390,656.0832214355469,464.1028137207031
391,656.2272644042969,464.2750244140625
392,656.5624237060547,464.771240234375
393,656.7970275878906,464.9171447753906
394,656.8106079101562,464.2513122558594
395,656.4468383789062,464.2117004394531
396,656.2213134765625,464.3131103515625
397,656.5498352050781,464.0987854003906
398,656.8191528320312,464.44366455078125
399,656.4319610595703,464.2724609375
400,655.9959411621094,464.3421936035156
401,655.1588439941406,463.6509094238281
